487 
495 
475 
482 
475 
496 
480 
503 
494 
510 
486 
505 
520 
506 
491 
507 
488 
485 
492 
492 
514 
502 
496 
513 
746 
490 
516 
491 
507 
498 
503 
487 
496 
496 
497 
474 
486 
500 
752 
491 
503 
504 
494 
501 
512 
495 
512 
487 
482 
488 
486 
487 
500 
503 
502 
493 
488 
494 
486 
499 
477 
529 
490 
501 
493 
482 
512 
504 
485 
266 
520 
477 
506 
477 
492 
502 
516 
481 
504 
490 
502 
498 
514 
493 
476 
498 
511 
493 
501 
490 
504 
497 
512 
482 
495 
499 
510 
256 
60674 
494 
517 
513 
505 
504 
494 
507 
491 
514 
490 
507 
504 
496 
506 
265 
491 
509 
504 
496 
524 
498 
508 
481 
520 
491 
512 
500 
516 
486 
469 
512 
473 
487 
473 
498 
502 
522 
490 
488 
499 
512 
490 
509 
475 
486 
510 
497 
477 
517 
496 
512 
504 
514 
515 
501 
520 
481 
494 
521 
496 
503 
489 
514 
472 
516 
494 
489 
510 
509 
487 
489 
503 
480 
500 
512 
503 
513 
514 
509 
490 
518 
492 
481 
490 
517 
491 
495 
501 
505 
501 
514 
523 
469 
478 
504 
480 
516 
494 
483 
497 
496 
507 
491 
517 
528 
495 
488 
512 
490 
504 
491 
481 
489 
256 
501 
486 
514 
485 
503 
490 
266 
479 
497 
519 
498 
507 
482 
503 
503 
487 
474 
502 
477 
480 
487 
491 
509 
491 
506 
473 
476 
507 
512 
521 
494 
477 
485 
484 
503 
486 
517 
473 
480 
514 
508 
503 
493 
508 
477 
492 
752 
513 
500 
509 
501 
473 
484 
499 
489 
497 
498 
505 
484 
530 
506 
474 
518 
484 
490 
485 
509 
495 
520 
464 
475 
494 
497 
502 
496 
490 
484 
498 
484 
504 
489 
492 
475 
466 
488 
487 
516 
484 
529 
473 
499 
460 
518 
483 
477 
513 
520 
528 
485 
475 
500 
502 
492 
514 
496 
493 
482 
534 
469 
504 
514 
512 
485 
483 
488 
494 
503 
495 
263 
480 
499 
496 
489 
483 
492 
510 
526 
485 
509 
474 
497 
494 
507 
516 
517 
512 
479 
528 
256 
490 
506 
491 
491 
499 
502 
495 
509 
496 
483 
484 
512 
511 
482 
507 
492 
495 
483 
508 
506 
485 
512 
488 
489 
482 
506 
490 
513 
498 
491 
483 
481 
522 
507 
486 
474 
501 
477 
494 
507 
497 
498 
524 
487 
475 
493 
506 
479 
492 
478 
506 
479 
502 
483 
512 
501 
504 
493 
491 
516 
522 
497 
524 
516 
493 
506 
487 
481 
491 
529 
507 
484 
516 
495 
489 
471 
493 
487 
498 
765 
479 
479 
481 
508 
514 
503 
522 
506 
503 
502 
499 
500 
512 
489 
482 
485 
512 
502 
479 
474 
508 
515 
513 
498 
493 
516 
504 
520 
482 
507 
522 
489 
509 
503 
501 
512 
492 
471 
512 
520 
497 
498 
486 
484 
478 
503 
518 
497 
514 
512 
494 
497 
486 
514 
507 
494 
478 
486 
487 
520 
516 
512 
502 
487 
494 
493 
513 
477 
520 
483 
483 
485 
491 
475 
471 
506 
493 
481 
485 
514 
480 
507 
492 
508 
522 
495 
506 
475 
497 
474 
496 
522 
499 
503 
508 
513 
507 
500 
477 
488 
489 
490 
510 
483 
493 
502 
507 
499 
489 
495 
513 
500 
492 
495 
500 
461 
259 
482 
495 
500 
491 
510 
505 
508 
506 
484 
495 
497 
526 
493 
481 
488 
518 
272 
492 
515 
503 
483 
512 
498 
471 
480 
489 
491 
512 
490 
489 
505 
494 
479 
495 
470 
741 
500 
498 
520 
514 
516 
495 
500 
515 
506 
473 
503 
494 
477 
498 
495 
492 
505 
512 
471 
471 
516 
504 
502 
492 
512 
502 
489 
506 
495 
481 
474 
494 
517 
485 
488 
493 
490 
490 
502 
498 
474 
506 
482 
500 
494 
485 
502 
481 
518 
516 
499 
505 
508 
504 
488 
513 
502 
518 
483 
506 
506 
483 
490 
518 
476 
476 
507 
483 
492 
501 
518 
503 
499 
482 
520 
512 
524 
530 
510 
503 
496 
484 
504 
513 
502 
500 
504 
500 
512 
486 
516 
506 
497 
471 
487 
512 
501 
480 
491 
487 
518 
513 
504 
488 
510 
504 
493 
498 
485 
488 
476 
516 
497 
517 
479 
486 
486 
488 
486 
498 
531 
510 
491 
480 
494 
486 
520 
516 
471 
498 
493 
494 
508 
475 
507 
489 
488 
507 
520 
472 
467 
490 
485 
513 
475 
502 
495 
513 
488 
485 
512 
514 
478 
524 
494 
522 
515 
494 
510 
502 
498 
509 
500 
480 
492 
501 
517 
504 
507 
512 
496 
488 
508 
503 
489 
513 
512 
481 
488 
506 
502 
502 
492 
485 
530 
492 
498 
485 
512 
489 
497 
508 
493 
503 
526 
498 
473 
496 
516 
491 
500 
521 
471 
497 
507 
528 
492 
510 
483 
512 
473 
516 
509 
490 
505 
496 
513 
504 
491 
485 
495 
518 
512 
524 
515 
480 
485 
500 
518 
493 
509 
501 
489 
490 
483 
515 
744 
506 
508 
521 
507 
512 
490 
495 
493 
488 
490 
525 
514 
480 
481 
500 
487 
490 
514 
498 
518 
494 
496 
739 
502 
261 
497 
503 
506 
481 
503 
485 
494 
508 
498 
508 
475 
504 
464 
499 
500 
489 
486 
500 
492 
502 
514 
500 
517 
504 
491 
502 
501 
496 
491 
485 
502 
485 
492 
523 
485 
506 
505 
508 
532 
520 
514 
528 
506 
482 
488 
487 
499 
509 
495 
489 
482 
480 
492 
493 
514 
468 
512 
503 
516 
499 
492 
489 
518 
502 
474 
521 
493 
481 
513 
517 
474 
485 
499 
522 
527 
513 
504 
512 
506 
481 
473 
472 
504 
489 
496 
498 
481 
491 
502 
516 
492 
493 
499 
495 
479 
500 
518 
495 
494 
495 
500 
477 
482 
484 
483 
506 
494 
473 
514 
507 
504 
496 
506 
484 
477 
485 
478 
491 
496 
498 
499 
532 
503 
506 
503 
497 
501 
502 
490 
497 
495 
502 
493 
494 
256 
512 
477 
486 
502 
488 
513 
506 
471 
495 
497 
497 
488 
503 
518 
486 
471 
517 
479 
515 
485 
493 
495 
510 
512 
478 
483 
498 
498 
497 
503 
516 
517 
516 
490 
475 
501 
503 
512 
508 
498 
482 
502 
484 
496 
749 
507 
493 
498 
505 
490 
490 
489 
507 
489 
524 
485 
475 
502 
473 
491 
510 
493 
490 
487 
488 
514 
506 
475 
514 
497 
514 
509 
504 
494 
512 
494 
487 
478 
510 
497 
474 
520 
512 
510 
503 
490 
501 
487 
490 
504 
506 
502 
514 
520 
502 
530 
508 
477 
491 
505 
509 
465 
516 
518 
514 
512 
488 
478 
509 
490 
506 
499 
524 
513 
501 
497 
497 
514 
518 
499 
483 
503 
507 
483 
508 
493 
512 
493 
520 
496 
506 
483 
494 
503 
493 
508 
479 
505 
481 
478 
518 
500 
500 
496 
513 
512 
483 
516 
512 
495 
485 
502 
506 
478 
484 
508 
493 
490 
515 
518 
477 
488 
505 
482 
525 
485 
521 
500 
515 
482 
260 
521 
484 
491 
485 
499 
467 
503 
492 
503 
488 
489 
492 
492 
506 
489 
508 
496 
510 
502 
472 
497 
496 
508 
505 
499 
497 
494 
477 
486 
484 
498 
505 
534 
491 
473 
500 
513 
498 
488 
491 
489 
487 
487 
513 
526 
520 
495 
494 
496 
495 
512 
488 
516 
515 
502 
516 
505 
523 
486 
512 
500 
498 
492 
502 
487 
481 
517 
491 
485 
501 
512 
508 
509 
482 
499 
508 
522 
488 
478 
475 
484 
497 
493 
498 
532 
500 
500 
520 
510 
512 
494 
481 
509 
492 
532 
3828 
3839 
3815 
3840 
3815 
3827 
3817 
3829 
3818 
3846 
3831 
3815 
3823 
3829 
3821 
3831 
3834 
3848 
3830 
3839 
3811 
3815 
3837 
3829 
3834 
3810 
3823 
3826 
3835 
3839 
3824 
3819 
3835 
490 
501 
497 
507 
481 
493 
467 
489 
500 
501 
494 
519 
487 
482 
497 
508 
463 
518 
471 
461 
496 
484 
496 
437 
468 
453 
517 
507 
496 
488 
502 
514 
0 
2 
2 
2 
5 
0 
6 
0 
0 
6 
0 
498 
504 
492 
503 
483 
495 
3823 
3841 
3826 
3832 
3814 
3816 
3840 
3834 
3829 
3829 
3823 
3837 
3850 
3834 
3812 
3825 
3826 
3838 
3845 
3850 
3826 
3809 
3819 
3818 
509 
490 
499 
497 
459 
455 
468 
480 
466 
473 
487 
470 
482 
486 
479 
3830 
3815 
3823 
3814 
3809 
3825 
3842 
494 
477 
493 
497 
470 
511 
490 
3837 
3810 
3837 
3838 
3839 
3819 
3830 
3826 
491 
488 
3813 
3839 
3831 
520 
480 
3827 
3831 
3832 
3834 
3815 
3830 
3822 
3824 
3815 
3848 
3844 
3829 
3828 
3844 
3819 
3837 
3829 
3848 
3825 
3828 
3816 
3827 
495 
514 
487 
485 
492 
493 
497 
491 
482 
157 
153 
154 
144 
140 
507 
498 
150 
165 
157 
160 
154 
146 
464 
502 
498 
482 
493 
492 
0 
6 
13 
14 
0 
0 
8 
8 
0 
0 
0 
7 
0 
9 
8 
3 
0 
0 
0 
0 
10 
8 
5 
5 
0 
0 
0 
0 
6 
4 
0 
512 
466 
475 
486 
3817 
3828 
3840 
3819 
3823 
3826 
490 
512 
518 
481 
497 
3816 
3813 
3813 
3823 
3813 
3818 
3821 
3810 
3827 
3840 
3823 
3829 
3838 
3827 
3819 
3837 
3822 
3831 
3837 
3833 
3818 
3832 
3819 
3821 
3823 
3823 
3822 
3842 
3834 
3814 
3828 
3835 
3828 
3816 
3845 
3835 
3831 
3818 
3840 
3818 
3831 
3827 
3826 
3821 
3828 
3819 
3844 
4089 
3833 
3834 
3832 
3834 
3817 
3840 
3815 
3830 
3813 
3840 
3835 
498 
554 
480 
505 
0 
0 
0 
12 
0 
7 
0 
0 
0 
0 
8 
0 
6 
0 
4 
0 
0 
1 
0 
5 
473 
507 
475 
473 
498 
505 
517 
538 
505 
510 
495 
137 
149 
145 
149 
498 
485 
3834 
3839 
3815 
3850 
3836 
3812 
3834 
3829 
3829 
3848 
3827 
3824 
3831 
3826 
3811 
3825 
3837 
3811 
3824 
3824 
3811 
3818 
3830 
3811 
3809 
3837 
3837 
3827 
3826 
3813 
3831 
3834 
4089 
3816 
3832 
3839 
3824 
3837 
3831 
3831 
3831 
3827 
3815 
3825 
3822 
3844 
3823 
3812 
3844 
62468 
3819 
3811 
3813 
3813 
3850 
3817 
3823 
3823 
3833 
3824 
3807 
3831 
3830 
3828 
3840 
3818 
3831 
3848 
3842 
3816 
3809 
3834 
3828 
3832 
496 
496 
493 
503 
517 
494 
490 
3821 
3825 
3811 
3831 
3821 
3831 
3827 
3834 
3813 
3826 
3818 
3826 
3815 
59396 
3825 
3831 
3824 
3807 
3819 
3811 
3840 
3813 
3842 
3829 
499 
489 
12 
5 
1 
1 
9 
6 
4 
0 
4 
9 
8 
9 
2 
0 
0 
0 
0 
2 
0 
498 
3811 
3832 
3811 
3821 
3845 
3811 
3813 
3823 
3816 
3852 
3822 
3802 
3826 
3821 
3818 
3811 
3825 
3818 
3833 
3823 
3811 
3819 
3821 
3816 
3837 
3824 
3833 
3814 
3828 
3844 
3819 
3820 
3837 
3837 
3834 
3810 
3828 
3829 
3829 
3840 
3823 
3824 
3825 
3823 
3845 
3852 
3840 
3845 
3832 
3810 
3832 
3823 
3819 
3848 
3828 
3837 
3826 
3818 
3827 
3819 
3839 
3825 
3834 
3846 
3818 
3840 
3840 
3826 
3850 
3826 
3821 
3834 
3840 
3833 
3810 
3846 
3821 
3848 
3816 
3828 
3823 
3831 
3822 
3590 
3831 
3831 
3833 
3815 
3842 
3829 
3824 
3815 
3840 
3820 
3839 
3815 
3823 
3828 
3829 
3815 
3811 
3829 
3811 
3807 
3831 
3833 
3823 
3831 
3811 
3833 
4081 
3824 
3827 
3817 
3825 
3829 
3821 
3840 
3823 
3831 
3809 
3807 
3824 
3828 
3819 
3840 
3833 
3834 
3823 
3828 
3829 
3837 
3815 
3824 
3830 
3829 
3820 
3819 
3840 
3835 
3822 
3820 
3814 
3824 
3834 
3834 
3846 
3821 
3827 
3833 
3819 
3832 
3839 
3815 
3824 
3832 
3821 
3835 
3826 
3827 
3826 
3837 
3829 
3820 
3838 
3809 
3844 
3844 
3815 
3829 
3844 
3844 
3826 
3824 
3842 
3831 
3811 
3835 
3828 
3817 
3840 
3832 
3832 
3822 
3822 
3830 
3826 
3831 
3834 
3821 
3813 
3825 
3835 
3826 
3837 
3839 
3829 
3811 
3818 
3832 
3839 
3840 
3823 
3856 
3824 
3817 
3850 
3839 
3828 
3815 
3811 
3832 
3830 
3816 
3810 
3839 
3821 
3823 
3832 
3846 
3823 
3584 
3843 
3830 
3835 
3838 
3811 
3836 
3842 
3833 
3815 
3823 
3807 
3844 
3830 
3823 
3838 
3842 
3837 
3833 
3832 
3852 
3815 
3824 
3821 
3824 
3836 
3836 
3823 
3816 
3844 
3840 
3834 
3818 
3815 
3827 
3829 
3822 
3833 
3848 
3818 
3817 
3833 
3818 
3850 
3818 
3837 
3809 
3821 
3818 
3824 
3821 
3827 
3830 
3819 
3811 
3826 
3834 
3834 
3839 
3848 
3829 
3829 
3823 
3831 
3848 
3821 
3818 
3816 
3816 
3823 
3837 
3816 
3825 
3836 
3818 
3818 
3818 
3833 
3810 
3831 
3842 
3842 
3844 
3814 
3840 
3840 
3844 
3837 
3852 
3825 
3828 
3806 
3850 
3834 
3831 
3820 
3826 
3818 
3822 
3831 
3810 
3814 
3835 
3818 
3821 
3835 
3817 
3848 
3831 
3816 
3834 
3837 
3854 
3828 
3815 
3819 
3850 
3844 
3824 
3824 
3828 
3828 
3811 
3820 
3840 
3835 
3819 
3815 
3815 
3837 
3840 
3840 
3834 
3844 
3850 
3842 
3846 
3816 
3828 
3813 
3820 
3848 
3835 
3827 
3818 
3813 
3823 
3830 
3818 
3817 
3837 
3809 
3829 
3830 
3831 
3840 
3828 
3811 
3828 
3839 
3832 
3819 
3826 
3819 
3839 
3837 
3839 
3824 
3842 
57604 
3832 
3832 
3804 
3822 
3820 
3829 
3823 
3819 
3818 
3823 
3815 
3813 
3825 
3828 
3819 
495 
480 
491 
516 
503 
524 
499 
3830 
521 
513 
3823 
3807 
3824 
3837 
3832 
3825 
3808 
3824 
3813 
3821 
3813 
3818 
3815 
3819 
3815 
3827 
3832 
3811 
3831 
3818 
3830 
3834 
3824 
3820 
3822 
3831 
3830 
3823 
3846 
3828 
3823 
3813 
3833 
3822 
3822 
3829 
3816 
3814 
3837 
493 
495 
484 
526 
476 
496 
509 
497 
491 
512 
494 
488 
526 
513 
491 
504 
508 
524 
489 
502 
504 
483 
500 
485 
485 
512 
500 
475 
498 
504 
501 
483 
522 
479 
512 
481 
481 
489 
514 
517 
522 
482 
481 
497 
495 
470 
494 
493 
495 
507 
503 
514 
532 
489 
506 
507 
515 
502 
512 
499 
490 
494 
499 
512 
486 
481 
512 
519 
493 
498 
491 
498 
493 
492 
506 
487 
481 
506 
512 
493 
762 
484 
256 
501 
482 
502 
487 
487 
516 
505 
482 
499 
507 
481 
496 
496 
738 
3818 
3813 
3833 
3809 
3817 
3833 
3844 
3846 
3829 
3805 
3809 
3811 
3823 
3837 
3829 
3823 
3833 
3844 
3844 
3826 
3831 
3840 
3816 
3818 
3830 
3825 
3828 
3836 
3828 
3814 
3834 
3837 
3826 
3831 
3813 
3821 
3823 
3825 
3835 
3827 
3832 
3809 
3823 
3846 
3838 
3813 
3819 
3839 
3838 
3837 
3827 
3819 
3833 
3813 
3811 
3822 
3819 
3820 
3834 
3837 
3826 
3813 
3824 
3807 
3840 
3825 
3820 
3827 
3835 
3816 
3823 
3830 
3810 
3834 
3806 
3588 
3842 
3822 
3825 
3837 
3829 
3812 
3825 
3827 
3811 
3840 
3842 
3809 
3819 
3828 
3823 
3835 
3835 
3823 
3825 
3824 
3834 
3828 
3828 
3815 
3818 
3831 
3838 
3808 
3815 
3824 
3824 
3840 
3840 
3816 
3830 
3823 
3846 
3836 
3815 
3832 
3838 
3831 
3828 
3827 
3831 
3828 
3830 
3835 
3827 
3813 
3836 
3841 
3837 
3826 
3813 
3821 
3819 
3820 
3842 
3837 
3816 
3826 
3823 
3821 
3816 
3824 
3830 
3815 
3846 
3833 
3840 
3814 
3837 
3825 
3819 
3813 
3819 
3831 
3825 
3825 
3824 
3838 
3814 
3826 
3832 
3813 
3822 
3837 
3845 
3817 
3830 
3827 
3827 
3824 
3815 
3818 
3823 
3816 
3815 
3825 
3817 
3824 
3846 
3807 
3834 
3829 
3802 
3826 
3823 
3825 
3823 
3821 
3837 
3825 
3835 
3827 
3838 
3836 
3815 
3840 
3813 
3825 
3824 
3842 
3850 
3825 
3834 
3811 
3846 
3819 
3818 
3835 
3811 
3837 
3827 
3832 
3811 
3828 
3831 
3840 
3816 
3819 
482 
486 
482 
471 
502 
481 
500 
3832 
3837 
3813 
3821 
3834 
3811 
3813 
3832 
3807 
3541 
3542 
3541 
3546 
3542 
3537 
3540 
3527 
3540 
3530 
3533 
3554 
3552 
3552 
3560 
3537 
3530 
3555 
3540 
3523 
17669 
3879 
3921 
3901 
3891 
3920 
3899 
3900 
3912 
3904 
3901 
3898 
3894 
3900 
3909 
3881 
3921 
3918 
3899 
3898 
3877 
3898 
3908 
3902 
3899 
3910 
3888 
3897 
3915 
3885 
3901 
3924 
3909 
3895 
3913 
3906 
3914 
3895 
3898 
3887 
3888 
3899 
3901 
3906 
3888 
3911 
3913 
3912 
3911 
3883 
3906 
3912 
3893 
3895 
3917 
3901 
3912 
3898 
3895 
3887 
3893 
3912 
3887 
3910 
3892 
3898 
3903 
3899 
3885 
3916 
3911 
3908 
3910 
3903 
3902 
3917 
3893 
3889 
3892 
3909 
3906 
3911 
3898 
3894 
3883 
3911 
3912 
3920 
3883 
3904 
3916 
3885 
3889 
3891 
3915 
3893 
3914 
3893 
3900 
3891 
3924 
3900 
3893 
3900 
3903 
3893 
3903 
3913 
3903 
3899 
3910 
3889 
3890 
3918 
3896 
3922 
3883 
3911 
3911 
3896 
3903 
3907 
3917 
3891 
3922 
3917 
3900 
3897 
3909 
3916 
3882 
3897 
3911 
3901 
3892 
3917 
3916 
3918 
3895 
3912 
3911 
3909 
3889 
46341 
4016 
4035 
4029 
4005 
4029 
4003 
4015 
4043 
4015 
4021 
4024 
4034 
4040 
4034 
4015 
4038 
4014 
4020 
4015 
4042 
4021 
4021 
4028 
4023 
4035 
4029 
4007 
4016 
4017 
4027 
4035 
4040 
4054 
4009 
4017 
4021 
4018 
4034 
4027 
4035 
4011 
4031 
4038 
4011 
4037 
4034 
4027 
4015 
4035 
4034 
4037 
4029 
4030 
4028 
4040 
4031 
4034 
4048 
4009 
4045 
4010 
4040 
4037 
4015 
4019 
4034 
4043 
4007 
4031 
4026 
4025 
4016 
4037 
4016 
4039 
4020 
4037 
4035 
4029 
4022 
4042 
4026 
65285 
4095 
4095 
4095 
4095 
4095 
4095 
4095 
4095 
4095 
4095 
4095 
4095 
4095 
4095 
4095 
4095 
4095 
4095 
4095 
4095 
4095 
4095 
4095 
4095 
4095 
4095 
4095 
4095 
4095 
4095 
4095 
4095 
4095 
4095 
4095 
4095 
4095 
4095 
4095 
4095 
4095 
4095 
4095 
4095 
4094 
4095 
4095 
4095 
4095 
4095 
4095 
4095 
4095 
4095 
4095 
4095 
4095 
4095 
4095 
4095 
4095 
4095 
4095 
4095 
4095 
4095 
4095 
4095 
4095 
4095 
4095 
4095 
4095 
61188 
3848 
3821 
3827 
3829 
3822 
3820 
3837 
3827 
3823 
3813 
3824 
3836 
3829 
3837 
3819 
3816 
3823 
3848 
3822 
3850 
3840 
3807 
3832 
3819 
3831 
3821 
3821 
3832 
3844 
3833 
3840 
3837 
3816 
3834 
3829 
3825 
3823 
3816 
3803 
3824 
3839 
3813 
3816 
3838 
3837 
3830 
3815 
3839 
3815 
3811 
3833 
3835 
3836 
3819 
3824 
3836 
3854 
3831 
3830 
3829 
3827 
3828 
3846 
3828 
3824 
3823 
3820 
3829 
3840 
3834 
3820 
3840 
3830 
3820 
3831 
3852 
3810 
3848 
3810 
3811 
3846 
3823 
3837 
3837 
3822 
3817 
3837 
3840 
3839 
3841 
3842 
3816 
3832 
3590 
3819 
3831 
3813 
3827 
3825 
3848 
3809 
3813 
3825 
3837 
3831 
3838 
3828 
3834 
3816 
3826 
3816 
3840 
3837 
3834 
3853 
3840 
3839 
3840 
3810 
3823 
3840 
3817 
3819 
3825 
3832 
3813 
3837 
3828 
3831 
3820 
3835 
3810 
3848 
3809 
3848 
3814 
3839 
3836 
3818 
3839 
3837 
3833 
3822 
3837 
3807 
3819 
3835 
3807 
3848 
3819 
3846 
3828 
3827 
3822 
3834 
3844 
3820 
3835 
3813 
3845 
3828 
3839 
3842 
3823 
3832 
3840 
3831 
3850 
3835 
3834 
3819 
3848 
3837 
3848 
3820 
3823 
3832 
3823 
3831 
3850 
3837 
3852 
3825 
3848 
3823 
3819 
3817 
3830 
3828 
3848 
3848 
3824 
3837 
3837 
3831 
3838 
4093 
3818 
3824 
3823 
3815 
3823 
3821 
3840 
3826 
3813 
3839 
3831 
3842 
3824 
3835 
3839 
3825 
3809 
3810 
3840 
3819 
3842 
3809 
3843 
3839 
3818 
3831 
3818 
3827 
3827 
3821 
3818 
3823 
3819 
3829 
3822 
3816 
3813 
3842 
3832 
3824 
3846 
3830 
3807 
3830 
3839 
3842 
3839 
3820 
3816 
3821 
3838 
3821 
3840 
3844 
3840 
3843 
3824 
3813 
3846 
3811 
3826 
3821 
3845 
3842 
3825 
3827 
3829 
3825 
3835 
3838 
3827 
3826 
3825 
3840 
3848 
3822 
3854 
3840 
4089 
3842 
3839 
3818 
3813 
3810 
3833 
3824 
3830 
3816 
3842 
3839 
3829 
3817 
3815 
3809 
3819 
3823 
3846 
3816 
3840 
3812 
3843 
3827 
3821 
3844 
3827 
3832 
3825 
3841 
3837 
3815 
3823 
3827 
3839 
3842 
3813 
3831 
3840 
3848 
3813 
3839 
3845 
3824 
3836 
3840 
3837 
3817 
3831 
3821 
3825 
3833 
3832 
3813 
3815 
3819 
3813 
3835 
3828 
3819 
3819 
3828 
3836 
3819 
3810 
3825 
3831 
3823 
3839 
3815 
3808 
3840 
3809 
3815 
3840 
3834 
3842 
3834 
3814 
3819 
3834 
3829 
3845 
3824 
3815 
3826 
3836 
3850 
3815 
3824 
3838 
59140 
3805 
3828 
3826 
3816 
3815 
3821 
3829 
3815 
3809 
3832 
3823 
3799 
3815 
3837 
3827 
3816 
3810 
3815 
3811 
3809 
3808 
3816 
3831 
3826 
3826 
3824 
3821 
3807 
3821 
3817 
3819 
3837 
3805 
3811 
3810 
3825 
3823 
3807 
3819 
3824 
3811 
3823 
3826 
3822 
3824 
3808 
3810 
3828 
3807 
3827 
3809 
3820 
3813 
3831 
3817 
3810 
3823 
3835 
3827 
3829 
3824 
3825 
3826 
3810 
3818 
3828 
3832 
3809 
3823 
3811 
3818 
3827 
3823 
3809 
3824 
3814 
3829 
3807 
3803 
3818 
3830 
3809 
3823 
3818 
3808 
3821 
3816 
3823 
3828 
3806 
3820 
3840 
3808 
3808 
3837 
3818 
3827 
3814 
476 
489 
498 
471 
494 
516 
482 
518 
493 
495 
513 
486 
513 
503 
512 
462 
500 
493 
498 
502 
507 
490 
493 
489 
504 
494 
505 
482 
513 
464 
485 
487 
512 
501 
486 
502 
501 
479 
512 
512 
492 
483 
516 
475 
479 
500 
520 
513 
485 
500 
495 
490 
479 
472 
504 
519 
487 
491 
501 
518 
503 
471 
425 
474 
510 
3831 
3814 
3815 
3803 
3818 
3824 
3832 
3822 
3822 
3813 
3819 
3817 
3814 
3829 
3813 
3838 
3818 
3824 
3819 
3818 
3815 
3813 
3830 
3823 
3833 
3806 
3812 
3807 
3823 
3815 
3837 
3814 
3822 
3813 
3811 
3811 
3809 
3837 
3836 
3828 
3816 
3834 
3818 
3813 
3811 
3823 
3832 
3819 
3813 
3819 
3825 
3809 
3813 
3833 
3807 
3832 
3813 
3812 
3813 
3842 
3808 
3830 
3810 
3814 
3836 
3828 
3826 
3821 
3819 
3810 
3833 
3829 
3815 
3818 
3829 
3826 
3835 
3823 
3825 
3815 
3821 
3823 
3816 
3809 
3815 
3834 
3824 
3815 
3831 
3824 
3832 
3813 
3813 
3826 
3812 
3824 
3820 
3834 
3818 
3824 
3842 
3821 
3837 
3811 
3807 
3821 
3822 
3826 
3820 
3829 
3840 
3799 
3810 
3818 
3812 
3829 
3830 
3829 
3820 
3830 
3827 
3824 
499 
505 
473 
496 
518 
471 
12 
7 
0 
0 
24 
0 
0 
2 
8 
0 
0 
2 
8 
5 
0 
8 
17 
0 
16 
0 
11 
0 
0 
12 
0 
0 
0 
4 
0 
0 
0 
12 
0 
3 
0 
0 
1 
7 
0 
0 
6 
0 
6 
7 
0 
0 
6 
0 
7 
6 
1 
8 
1 
3 
9 
0 
9 
0 
1 
5 
8 
0 
0 
0 
0 
5 
0 
8 
0 
0 
0 
13 
0 
1 
0 
5 
0 
1 
1 
0 
5 
0 
9 
5 
0 
1 
0 
0 
11 
11 
3 
0 
9 
0 
0 
6 
6 
6 
9 
0 
1 
0 
8 
6 
5 
0 
0 
5 
0 
8 
2 
1 
0 
10 
0 
0 
2 
0 
0 
1 
0 
0 
0 
6 
4 
2 
0 
2 
12 
6 
1 
4 
18 
0 
0 
5 
0 
17 
8 
4 
0 
4 
6 
0 
0 
6 
0 
5 
0 
4 
6 
0 
1 
8 
5 
12 
4 
9 
0 
5 
10 
0 
0 
4 
12 
0 
0 
4 
6 
5 
8 
0 
0 
0 
1 
7 
2 
2 
8 
0 
1 
10 
8 
0 
14 
3 
1 
0 
2 
7 
1 
0 
8276 
0 
0 
0 
0 
0 
4095 
4095 
4095 
4095 
4095 
4095 
4095 
4095 
4095 
4095 
4095 
4095 
4095 
4095 
4095 
4095 
4095 
4095 
4095 
4095 
4095 
4095 
4095 
4095 
4095 
4095 
4095 
4095 
4095 
4095 
4095 
4095 
4095 
4095 
481 
474 
483 
482 
490 
478 
476 
472 
473 
470 
475 
464 
478 
4095 
4095 
4095 
4095 
4095 
4095 
4095 
4095 
4095 
4095 
4095 
4095 
4095 
4095 
4095 
4095 
4095 
506 
493 
8 
0 
8 
0 
6 
0 
0 
4 
11 
0 
0 
0 
12 
0 
0 
0 
0 
9 
0 
0 
0 
12 
0 
15 
8 
4 
0 
12 
9 
0 
10 
0 
8 
0 
7 
2 
0 
0 
0 
13 
5 
0 
9 
2 
12 
0 
0 
5 
6 
0 
1 
15 
2 
5 
4 
6 
4 
0 
2 
10 
0 
4 
0 
0 
12 
0 
8 
0 
0 
3 
0 
9 
7 
1 
0 
0 
7 
1 
4 
8 
2 
9 
6 
0 
0 
0 
1 
1 
9 
1 
0 
12 
4 
0 
1 
10 
1 
6 
0 
0 
6 
0 
0 
4 
0 
1 
4 
0 
0 
4 
4 
0 
0 
4 
0 
0 
0 
8 
0 
0 
0 
6 
0 
5 
2 
3 
8 
8 
0 
5 
0 
10 
0 
0 
0 
5 
0 
0 
0 
5 
5 
10 
0 
0 
6 
0 
0 
0 
1 
2 
4 
7 
8 
2 
0 
6 
0 
1 
0 
0 
0 
3 
0 
0 
4 
5 
0 
0 
8 
0 
9 
7 
0 
2 
4 
0 
0 
9 
0 
2 
2 
0 
2 
0 
2 
7 
8 
1 
0 
5 
2 
1 
7 
19 
12 
6 
0 
9 
4 
11 
0 
0 
12 
0 
0 
0 
0 
0 
0 
0 
6 
0 
0 
6 
4 
0 
9 
5 
9 
9 
0 
0 
5 
13 
5 
10 
0 
1 
1 
0 
0 
8 
0 
0 
16 
0 
1 
8 
2 
0 
0 
1 
0 
1 
9 
0 
7 
0 
0 
476 
4095 
4095 
4095 
4095 
4095 
4095 
4095 
4095 
4095 
4095 
4095 
4095 
4095 
4095 
4095 
4095 
4095 
4095 
4095 
4095 
4095 
4095 
4095 
4095 
4095 
4095 
4095 
4095 
4095 
4095 
4095 
4095 
4095 
4095 
4095 
4095 
4095 
4095 
4095 
4095 
4095 
4095 
4095 
4095 
4095 
4095 
4095 
4095 
4095 
1 
0 
5 
6 
0 
2 
8 
0 
1 
0 
0 
0 
0 
0 
0 
9 
8 
0 
9 
0 
4 
1 
16 
6 
0 
0 
0 
0 
8 
12 
3 
5 
0 
8 
9 
0 
1 
12 
0 
2 
0 
0 
0 
8 
0 
0 
9 
9 
0 
10 
0 
6 
0 
8 
481 
489 
466 
495 
472 
507 
496 
510 
515 
484 
497 
498 
481 
495 
482 
754 
514 
502 
480 
455 
500 
481 
481 
507 
496 
509 
489 
512 
476 
526 
502 
512 
502 
518 
490 
512 
507 
488 
491 
502 
489 
504 
504 
494 
522 
504 
494 
512 
491 
491 
491 
504 
489 
508 
258 
478 
514 
508 
494 
504 
482 
471 
487 
492 
500 
500 
500 
517 
524 
504 
488 
510 
500 
497 
522 
512 
492 
492 
483 
504 
501 
488 
486 
501 
489 
522 
504 
264 
4095 
4095 
4095 
4095 
4095 
4095 
4095 
4095 
4095 
479 
501 
488 
486 
508 
478 
477 
512 
500 
498 
486 
505 
493 
501 
502 
501 
496 
506 
486 
496 
491 
488 
477 
512 
486 
512 
465 
495 
498 
484 
498 
520 
491 
492 
512 
483 
510 
500 
517 
504 
505 
508 
497 
500 
481 
479 
258 
514 
518 
485 
502 
513 
501 
500 
500 
473 
501 
508 
477 
499 
485 
494 
480 
471 
516 
486 
496 
524 
502 
485 
505 
487 
475 
500 
510 
493 
512 
483 
469 
498 
523 
507 
514 
506 
745 
493 
504 
503 
498 
516 
499 
510 
499 
440 
504 
507 
491 
486 
495 
520 
512 
486 
494 
492 
501 
496 
492 
506 
492 
515 
506 
530 
500 
512 
491 
512 
0 
0 
4 
0 
0 
8 
0 
0 
0 
0 
0 
0 
484 
492 
486 
509 
507 
508 
484 
495 
505 
506 
499 
513 
497 
490 
501 
487 
485 
493 
490 
491 
489 
483 
477 
493 
483 
502 
496 
512 
501 
516 
477 
486 
487 
500 
517 
494 
512 
475 
465 
506 
505 
498 
522 
507 
506 
506 
264 
471 
492 
506 
489 
489 
490 
485 
477 
493 
509 
494 
4095 
4095 
4095 
4095 
4095 
4095 
4095 
4095 
513 
495 
485 
483 
4 
5 
0 
0 
0 
0 
0 
0 
0 
0 
5 
0 
0 
0 
0 
0 
6 
5 
0 
7 
0 
5 
0 
9 
2 
4 
11 
2 
0 
6 
5 
8 
0 
7 
0 
0 
0 
13 
0 
0 
2 
1 
0 
0 
6 
1 
0 
0 
0 
0 
0 
0 
0 
0 
7 
4 
0 
0 
8 
0 
0 
3 
1 
0 
5 
7 
6 
1 
2 
0 
0 
4 
1 
0 
8 
11 
5 
0 
3 
0 
8 
0 
9 
0 
11 
0 
0 
0 
5 
16 
3 
5 
4 
7 
3 
5 
0 
0 
0 
2 
3 
2 
0 
3 
2 
0 
2 
0 
6 
8 
1 
6 
10 
4 
0 
3 
4 
0 
4 
1 
6 
0 
6 
0 
0 
1 
10 
1 
0 
0 
17 
2 
3 
3 
0 
0 
8 
0 
2 
5 
4 
0 
5 
0 
4 
16 
5 
0 
1 
0 
0 
6 
4 
6 
0 
8 
5 
8 
12 
2 
0 
2 
4 
1 
3 
0 
0 
0 
0 
4 
0 
7 
0 
2 
3 
9 
3 
6 
6 
8 
16 
0 
0 
6 
12 
0 
1 
9 
0 
10 
7 
2 
1 
0 
0 
0 
0 
8 
0 
0 
0 
10 
0 
0 
9 
0 
0 
5 
0 
0 
2 
2 
8 
4 
0 
0 
6 
12 
9 
1 
1 
8 
9 
1 
6 
0 
2 
0 
0 
3 
0 
0 
0 
0 
2 
0 
6 
4 
513 
4 
0 
6 
0 
0 
0 
6 
5 
0 
498 
495 
473 
500 
494 
514 
477 
499 
530 
471 
471 
491 
514 
506 
512 
490 
502 
493 
475 
501 
510 
499 
507 
490 
518 
499 
490 
487 
494 
481 
497 
471 
508 
506 
505 
526 
503 
498 
484 
504 
489 
505 
477 
493 
497 
481 
498 
490 
487 
509 
518 
475 
513 
475 
501 
491 
496 
498 
488 
497 
480 
497 
58626 
492 
490 
487 
500 
500 
498 
486 
495 
519 
471 
521 
484 
497 
464 
498 
493 
507 
500 
504 
496 
519 
486 
506 
479 
488 
500 
486 
516 
503 
467 
502 
506 
485 
490 
500 
503 
530 
503 
58626 
495 
481 
469 
501 
487 
512 
478 
493 
497 
505 
474 
512 
489 
499 
478 
501 
507 
475 
488 
496 
488 
494 
60674 
478 
506 
492 
477 
483 
494 
492 
474 
500 
485 
486 
503 
518 
508 
496 
467 
498 
492 
508 
509 
479 
498 
509 
512 
503 
505 
495 
525 
495 
478 
496 
477 
486 
482 
501 
508 
509 
492 
495 
485 
512 
481 
475 
516 
491 
503 
475 
495 
475 
475 
496 
490 
481 
508 
483 
487 
482 
467 
513 
491 
485 
477 
512 
514 
465 
487 
496 
477 
518 
516 
510 
485 
520 
501 
484 
508 
490 
517 
493 
481 
516 
464 
502 
510 
503 
487 
514 
502 
54275 
472 
469 
500 
525 
488 
489 
497 
492 
62210 
506 
495 
500 
492 
509 
503 
485 
504 
503 
481 
474 
495 
470 
478 
497 
486 
500 
488 
501 
512 
510 
492 
463 
500 
499 
497 
486 
477 
509 
514 
480 
503 
512 
512 
481 
487 
492 
510 
497 
494 
501 
501 
489 
488 
492 
524 
514 
490 
477 
486 
493 
489 
509 
522 
474 
501 
496 
489 
483 
499 
485 
500 
508 
60674 
0 
489 
452 
485 
496 
507 
502 
481 
467 
499 
500 
500 
518 
499 
492 
489 
520 
490 
477 
515 
481 
510 
506 
486 
483 
493 
58626 
494 
491 
504 
503 
494 
507 
494 
503 
501 
501 
471 
503 
474 
478 
500 
519 
481 
490 
494 
508 
475 
494 
498 
516 
494 
487 
489 
512 
483 
502 
499 
501 
58883 
506 
518 
489 
483 
512 
496 
487 
495 
466 
512 
503 
485 
515 
499 
500 
502 
486 
502 
484 
495 
501 
493 
498 
468 
486 
514 
508 
482 
490 
484 
516 
485 
508 
498 
482 
507 
497 
492 
520 
488 
512 
485 
512 
494 
488 
481 
489 
486 
490 
483 
481 
487 
474 
4095 
4095 
4095 
4095 
4095 
4095 
4095 
518 
490 
492 
494 
484 
476 
466 
498 
483 
502 
490 
483 
508 
490 
490 
499 
495 
490 
506 
510 
471 
483 
485 
473 
4095 
488 
346 
372 
4095 
4095 
4095 
4095 
4095 
4095 
4095 
4095 
4095 
4095 
4095 
4095 
4095 
4095 
4095 
4095 
4095 
4095 
4095 
4095 
4095 
4095 
4095 
4095 
4095 
4095 
4095 
4095 
4095 
4095 
4095 
4095 
4095 
4095 
4095 
4095 
4095 
503 
504 
516 
503 
490 
503 
525 
488 
520 
514 
505 
514 
491 
500 
522 
507 
505 
497 
482 
519 
478 
513 
486 
516 
483 
498 
505 
503 
481 
497 
505 
507 
495 
482 
457 
488 
494 
474 
487 
512 
492 
4095 
4095 
4095 
4095 
4095 
502 
484 
498 
4095 
4095 
4095 
4095 
4095 
4095 
4095 
4095 
4095 
4095 
4095 
4095 
4095 
4095 
4095 
4095 
4095 
4095 
4095 
4095 
4095 
4095 
4095 
4095 
4095 
4095 
4095 
504 
497 
4095 
4095 
735 
518 
509 
506 
516 
499 
514 
480 
465 
508 
475 
476 
491 
482 
61698 
516 
522 
477 
483 
505 
491 
490 
507 
515 
500 
522 
509 
499 
508 
490 
512 
510 
474 
491 
467 
520 
481 
520 
509 
502 
478 
487 
506 
480 
483 
518 
502 
495 
489 
500 
64771 
507 
495 
512 
509 
509 
497 
502 
488 
488 
498 
483 
497 
504 
506 
498 
497 
506 
473 
501 
502 
501 
502 
496 
506 
485 
502 
523 
473 
507 
518 
516 
58371 
0 
489 
510 
480 
503 
503 
486 
483 
493 
489 
496 
518 
489 
481 
480 
478 
501 
506 
505 
498 
763 
495 
511 
512 
515 
64259 
499 
495 
494 
478 
502 
498 
492 
490 
504 
515 
519 
482 
62723 
0 
479 
499 
505 
498 
484 
499 
479 
521 
506 
487 
479 
508 
486 
493 
475 
490 
62979 
498 
490 
505 
497 
475 
496 
484 
492 
501 
500 
518 
516 
522 
517 
491 
514 
484 
494 
481 
489 
489 
488 
516 
505 
512 
495 
495 
465 
492 
502 
494 
60930 
498 
518 
8706 
497 
508 
501 
492 
512 
497 
467 
486 
495 
499 
496 
496 
498 
518 
504 
510 
482 
480 
493 
488 
512 
500 
503 
484 
512 
495 
500 
487 
505 
524 
490 
503 
497 
515 
482 
62210 
508 
514 
494 
503 
488 
480 
510 
485 
489 
490 
489 
499 
504 
505 
482 
492 
505 
498 
474 
503 
512 
503 
501 
494 
490 
504 
488 
514 
481 
480 
495 
502 
500 
495 
503 
499 
489 
494 
482 
481 
483 
491 
278 
496 
505 
512 
465 
482 
475 
518 
510 
492 
501 
490 
493 
524 
503 
509 
502 
532 
497 
510 
518 
490 
500 
508 
487 
502 
514 
512 
488 
519 
507 
514 
487 
499 
518 
479 
494 
497 
495 
485 
493 
513 
509 
479 
487 
483 
483 
490 
506 
502 
490 
494 
492 
481 
497 
514 
504 
508 
496 
490 
492 
477 
498 
484 
499 
489 
496 
502 
506 
512 
515 
481 
505 
518 
484 
484 
512 
540 
506 
483 
512 
468 
498 
518 
481 
512 
475 
473 
491 
498 
493 
494 
504 
512 
493 
492 
473 
482 
507 
516 
498 
501 
515 
494 
477 
483 
509 
506 
485 
516 
506 
493 
507 
509 
490 
490 
491 
488 
503 
502 
493 
484 
499 
516 
499 
504 
492 
498 
491 
504 
524 
488 
505 
516 
502 
517 
483 
483 
509 
508 
509 
510 
506 
492 
495 
504 
506 
463 
492 
497 
490 
520 
493 
505 
473 
514 
516 
479 
518 
512 
522 
514 
493 
505 
473 
486 
480 
469 
521 
493 
501 
734 
484 
492 
489 
481 
481 
513 
503 
499 
491 
491 
501 
520 
500 
522 
496 
465 
488 
507 
502 
508 
493 
520 
500 
534 
509 
496 
489 
494 
486 
502 
497 
516 
506 
526 
489 
465 
481 
501 
494 
484 
474 
501 
468 
512 
506 
487 
55298 
505 
499 
512 
477 
477 
507 
508 
502 
495 
505 
512 
490 
503 
487 
524 
510 
501 
498 
475 
488 
497 
512 
508 
522 
512 
508 
502 
509 
507 
489 
492 
508 
485 
489 
520 
475 
498 
494 
495 
504 
487 
479 
518 
495 
493 
486 
482 
489 
486 
500 
493 
475 
521 
509 
507 
482 
491 
491 
493 
504 
506 
528 
500 
494 
506 
504 
495 
483 
499 
500 
509 
506 
256 
501 
509 
503 
510 
519 
474 
489 
266 
497 
489 
491 
509 
514 
490 
520 
505 
494 
517 
514 
520 
485 
495 
489 
492 
500 
477 
266 
487 
526 
489 
495 
486 
526 
498 
526 
478 
488 
483 
504 
481 
504 
503 
61954 
508 
738 
509 
512 
501 
489 
487 
522 
520 
500 
503 
508 
491 
501 
503 
507 
494 
494 
500 
492 
485 
498 
500 
503 
522 
477 
500 
478 
504 
497 
497 
470 
497 
498 
508 
476 
514 
499 
493 
739 
494 
517 
486 
506 
505 
480 
486 
497 
262 
513 
471 
509 
536 
502 
516 
516 
499 
516 
501 
512 
491 
495 
512 
515 
497 
471 
487 
520 
493 
479 
504 
500 
493 
512 
505 
479 
518 
491 
507 
513 
500 
477 
62210 
505 
471 
488 
514 
515 
481 
521 
515 
501 
484 
490 
500 
268 
522 
491 
482 
522 
481 
505 
503 
483 
520 
529 
484 
478 
500 
512 
512 
494 
502 
488 
478 
483 
489 
492 
530 
512 
506 
499 
495 
518 
500 
495 
518 
503 
487 
496 
484 
477 
503 
496 
495 
525 
509 
491 
499 
506 
493 
482 
499 
521 
467 
519 
504 
505 
517 
487 
504 
492 
509 
61442 
516 
500 
515 
504 
501 
64515 
486 
487 
505 
514 
483 
487 
495 
498 
493 
518 
532 
477 
521 
492 
514 
512 
485 
510 
496 
506 
521 
489 
507 
514 
520 
56066 
507 
498 
475 
505 
497 
502 
499 
521 
506 
481 
505 
494 
488 
512 
490 
502 
500 
518 
528 
266 
482 
532 
502 
496 
482 
517 
521 
472 
504 
507 
498 
501 
501 
495 
507 
488 
498 
513 
524 
497 
471 
487 
514 
494 
484 
509 
477 
516 
513 
501 
499 
507 
505 
530 
483 
509 
484 
521 
483 
512 
506 
483 
519 
522 
496 
518 
484 
493 
490 
488 
493 
504 
527 
57346 
501 
526 
471 
535 
489 
502 
481 
503 
480 
481 
525 
498 
488 
493 
480 
484 
510 
493 
504 
481 
502 
489 
506 
523 
495 
507 
520 
518 
502 
514 
495 
484 
522 
502 
527 
516 
505 
493 
496 
504 
493 
508 
505 
484 
506 
498 
529 
505 
512 
61698 
508 
500 
471 
478 
480 
477 
473 
502 
488 
497 
504 
492 
484 
492 
483 
498 
507 
526 
499 
499 
483 
503 
516 
487 
482 
501 
493 
481 
486 
487 
477 
526 
501 
502 
473 
501 
749 
492 
507 
491 
504 
516 
500 
514 
492 
488 
513 
507 
526 
491 
504 
500 
494 
490 
486 
505 
488 
487 
478 
504 
500 
491 
511 
495 
509 
485 
493 
502 
483 
516 
513 
501 
502 
506 
507 
536 
518 
512 
521 
480 
486 
497 
488 
490 
528 
498 
499 
493 
492 
508 
486 
490 
485 
508 
489 
483 
516 
493 
498 
477 
507 
498 
759 
483 
467 
493 
497 
495 
489 
508 
494 
483 
485 
512 
522 
480 
477 
488 
512 
498 
494 
500 
504 
495 
492 
502 
502 
509 
498 
505 
504 
494 
501 
467 
507 
514 
510 
495 
497 
519 
502 
509 
501 
494 
508 
506 
502 
530 
485 
503 
493 
482 
503 
529 
494 
504 
483 
506 
469 
480 
485 
500 
491 
487 
506 
495 
503 
496 
490 
503 
512 
500 
485 
513 
496 
514 
512 
496 
489 
495 
493 
492 
490 
498 
477 
498 
496 
493 
487 
494 
532 
504 
517 
496 
506 
487 
499 
512 
494 
467 
515 
495 
506 
502 
490 
501 
478 
500 
486 
495 
516 
503 
496 
480 
523 
510 
496 
523 
495 
477 
526 
497 
477 
512 
512 
501 
506 
494 
488 
498 
524 
494 
490 
478 
505 
488 
497 
517 
494 
526 
507 
488 
502 
496 
490 
484 
496 
492 
517 
508 
512 
487 
514 
480 
499 
500 
260 
524 
508 
487 
520 
485 
505 
488 
516 
512 
494 
490 
464 
502 
512 
502 
499 
62978 
491 
536 
499 
503 
480 
536 
501 
503 
505 
493 
492 
498 
491 
512 
504 
514 
502 
476 
502 
512 
493 
512 
486 
503 
513 
513 
507 
494 
482 
493 
523 
528 
499 
483 
503 
465 
508 
500 
62722 
481 
493 
495 
494 
59650 
486 
514 
488 
490 
517 
488 
512 
471 
491 
474 
520 
493 
497 
494 
498 
490 
512 
504 
489 
484 
507 
515 
512 
514 
522 
485 
500 
510 
505 
488 
497 
494 
506 
500 
512 
494 
507 
488 
522 
485 
487 
518 
485 
489 
507 
518 
490 
500 
543 
486 
494 
497 
475 
747 
495 
501 
520 
505 
491 
530 
537 
494 
509 
498 
499 
517 
58114 
494 
504 
483 
500 
497 
495 
518 
524 
504 
512 
508 
482 
494 
487 
493 
520 
488 
517 
514 
491 
491 
498 
521 
516 
489 
479 
492 
505 
503 
492 
496 
489 
516 
507 
496 
4098 
490 
492 
501 
493 
506 
521 
490 
506 
498 
485 
505 
482 
489 
508 
480 
494 
513 
497 
494 
518 
524 
494 
64002 
505 
527 
499 
491 
504 
505 
510 
512 
512 
503 
505 
497 
492 
514 
501 
512 
531 
487 
495 
502 
512 
478 
531 
501 
469 
507 
489 
512 
471 
260 
528 
515 
502 
473 
512 
512 
496 
500 
2306 
492 
488 
506 
493 
482 
493 
483 
509 
512 
500 
488 
482 
507 
504 
519 
496 
502 
500 
493 
492 
526 
478 
514 
488 
491 
486 
521 
499 
519 
490 
519 
512 
505 
503 
500 
488 
500 
502 
517 
520 
467 
493 
489 
476 
471 
491 
515 
498 
481 
508 
489 
502 
506 
492 
503 
494 
473 
501 
522 
469 
501 
502 
503 
505 
484 
520 
496 
511 
486 
488 
488 
509 
497 
505 
473 
485 
523 
506 
501 
481 
481 
521 
493 
480 
480 
480 
503 
517 
487 
472 
516 
493 
491 
485 
493 
485 
521 
490 
514 
470 
526 
497 
515 
491 
480 
499 
487 
504 
506 
484 
493 
510 
481 
512 
499 
489 
521 
516 
484 
494 
479 
473 
493 
491 
476 
488 
513 
495 
512 
499 
58370 
488 
500 
505 
494 
512 
489 
500 
485 
487 
514 
492 
489 
509 
523 
501 
485 
496 
499 
508 
511 
502 
480 
509 
504 
501 
507 
484 
492 
478 
496 
477 
500 
502 
498 
469 
494 
513 
512 
491 
509 
525 
482 
501 
500 
469 
514 
475 
502 
513 
501 
505 
489 
503 
509 
466 
509 
483 
499 
499 
520 
505 
501 
520 
530 
512 
501 
489 
519 
480 
473 
476 
512 
522 
761 
475 
475 
507 
507 
519 
494 
508 
506 
503 
473 
514 
494 
512 
487 
497 
478 
491 
493 
489 
512 
475 
487 
499 
510 
469 
499 
489 
490 
512 
505 
506 
496 
514 
518 
482 
487 
503 
491 
515 
515 
499 
512 
500 
494 
496 
486 
509 
469 
495 
512 
500 
495 
493 
501 
522 
492 
510 
487 
477 
504 
473 
495 
512 
512 
503 
499 
512 
489 
493 
481 
509 
505 
501 
523 
473 
494 
494 
484 
509 
500 
508 
493 
518 
512 
498 
500 
508 
469 
489 
491 
503 
512 
506 
491 
522 
494 
480 
473 
507 
513 
487 
497 
521 
520 
474 
490 
516 
502 
473 
2562 
503 
490 
483 
483 
506 
477 
506 
500 
489 
512 
484 
493 
482 
496 
475 
486 
509 
502 
469 
492 
512 
495 
507 
475 
490 
532 
508 
489 
504 
504 
496 
