767 
727 
665 
712 
713 
742 
721 
778 
772 
726 
771 
742 
762 
762 
731 
765 
720 
742 
750 
788 
749 
737 
753 
652 
669 
740 
666 
738 
771 
797 
758 
765 
753 
730 
740 
713 
650 
731 
661 
745 
791 
771 
729 
759 
744 
770 
756 
680 
770 
686 
748 
754 
724 
791 
776 
767 
727 
757 
747 
756 
652 
662 
743 
777 
747 
711 
631 
761 
736 
755 
759 
740 
754 
735 
726 
787 
741 
719 
750 
743 
782 
748 
755 
674 
770 
753 
799 
739 
771 
741 
758 
742 
631 
721 
760 
751 
793 
731 
61188 
759 
743 
653 
767 
733 
767 
775 
758 
747 
699 
782 
746 
749 
770 
754 
723 
792 
752 
732 
678 
714 
769 
513 
661 
682 
641 
756 
651 
748 
714 
734 
711 
655 
715 
736 
732 
665 
736 
743 
746 
735 
740 
527 
724 
759 
726 
740 
768 
750 
749 
639 
755 
652 
668 
776 
664 
772 
772 
654 
724 
780 
738 
761 
702 
660 
763 
748 
782 
773 
738 
732 
768 
722 
769 
644 
788 
742 
730 
786 
741 
680 
630 
720 
659 
680 
735 
738 
768 
753 
734 
643 
667 
692 
743 
756 
732 
652 
781 
732 
750 
738 
768 
743 
676 
660 
780 
736 
633 
728 
755 
753 
721 
733 
740 
770 
779 
763 
751 
789 
742 
731 
657 
750 
685 
752 
777 
727 
786 
782 
753 
715 
781 
740 
710 
748 
778 
788 
746 
761 
711 
729 
774 
640 
756 
772 
739 
1000 
723 
776 
749 
664 
714 
727 
656 
776 
745 
796 
773 
739 
780 
690 
643 
762 
783 
770 
714 
734 
772 
732 
757 
749 
729 
725 
668 
753 
773 
681 
770 
731 
746 
774 
729 
649 
687 
727 
759 
746 
667 
752 
712 
720 
754 
780 
760 
740 
748 
727 
696 
709 
747 
661 
723 
677 
704 
769 
697 
688 
741 
740 
742 
646 
654 
738 
643 
760 
739 
721 
661 
780 
765 
719 
755 
718 
748 
643 
634 
748 
737 
720 
753 
797 
775 
731 
664 
763 
739 
658 
664 
654 
791 
743 
740 
794 
721 
655 
769 
766 
655 
677 
641 
749 
662 
752 
636 
744 
750 
749 
767 
722 
765 
787 
736 
635 
723 
746 
812 
719 
780 
757 
766 
728 
774 
738 
739 
728 
723 
738 
641 
762 
743 
645 
740 
747 
725 
714 
660 
767 
754 
685 
762 
737 
752 
772 
755 
757 
680 
742 
660 
765 
765 
742 
759 
736 
764 
776 
739 
734 
646 
768 
763 
638 
739 
653 
654 
736 
680 
654 
765 
753 
750 
651 
739 
666 
749 
738 
658 
765 
661 
729 
786 
757 
753 
683 
737 
729 
710 
753 
648 
739 
676 
715 
796 
773 
765 
754 
753 
727 
713 
728 
642 
784 
735 
777 
768 
747 
654 
747 
750 
654 
754 
651 
773 
779 
673 
635 
784 
790 
768 
632 
735 
727 
646 
657 
749 
750 
738 
741 
739 
744 
678 
660 
662 
637 
738 
717 
772 
747 
769 
758 
728 
753 
751 
738 
657 
752 
771 
749 
765 
757 
656 
724 
664 
731 
657 
769 
753 
769 
735 
664 
766 
719 
743 
651 
723 
742 
742 
773 
735 
782 
761 
704 
737 
772 
647 
669 
759 
741 
778 
758 
774 
758 
735 
731 
722 
747 
782 
729 
747 
784 
774 
743 
664 
767 
660 
768 
765 
784 
764 
706 
752 
720 
780 
758 
674 
801 
766 
738 
760 
748 
647 
745 
694 
771 
759 
721 
673 
761 
732 
662 
753 
737 
637 
751 
729 
723 
657 
755 
640 
723 
734 
755 
768 
773 
775 
737 
658 
749 
765 
652 
759 
658 
732 
762 
753 
764 
780 
726 
772 
784 
774 
733 
750 
754 
645 
735 
726 
750 
754 
771 
731 
637 
784 
669 
768 
771 
722 
707 
763 
657 
746 
776 
754 
729 
729 
777 
710 
699 
748 
722 
755 
767 
737 
780 
729 
684 
657 
663 
760 
772 
753 
732 
653 
775 
742 
727 
758 
768 
733 
764 
760 
715 
707 
755 
726 
772 
780 
742 
778 
759 
715 
660 
630 
739 
673 
788 
737 
734 
649 
753 
755 
730 
722 
758 
753 
652 
759 
665 
726 
802 
726 
756 
733 
784 
726 
741 
663 
672 
640 
755 
718 
790 
674 
758 
753 
734 
648 
712 
659 
742 
742 
732 
760 
757 
732 
764 
637 
684 
758 
757 
718 
759 
749 
658 
661 
724 
746 
768 
750 
764 
721 
768 
734 
685 
745 
649 
698 
705 
652 
795 
649 
730 
781 
760 
743 
751 
746 
760 
640 
726 
670 
771 
754 
660 
763 
789 
737 
757 
788 
750 
721 
753 
785 
757 
757 
773 
644 
745 
726 
772 
780 
732 
643 
752 
780 
733 
746 
776 
724 
724 
750 
746 
646 
743 
729 
743 
743 
758 
777 
719 
782 
695 
756 
710 
757 
759 
748 
761 
668 
730 
744 
764 
666 
775 
761 
732 
637 
717 
749 
790 
671 
726 
748 
640 
683 
737 
744 
781 
685 
650 
677 
755 
777 
753 
745 
680 
752 
793 
731 
741 
738 
741 
664 
685 
755 
767 
662 
738 
650 
745 
788 
744 
731 
653 
680 
655 
725 
715 
738 
750 
752 
654 
740 
672 
775 
724 
645 
524 
753 
745 
791 
765 
712 
778 
734 
667 
773 
746 
779 
771 
760 
683 
735 
763 
736 
658 
749 
727 
522 
646 
782 
806 
784 
742 
775 
791 
766 
656 
754 
770 
743 
654 
666 
748 
734 
737 
523 
687 
739 
651 
668 
767 
780 
702 
769 
773 
797 
778 
734 
770 
712 
744 
766 
652 
719 
657 
786 
665 
769 
739 
727 
736 
778 
686 
807 
758 
719 
657 
684 
777 
750 
764 
681 
698 
642 
745 
753 
756 
730 
707 
702 
763 
724 
796 
674 
722 
747 
770 
668 
775 
767 
762 
764 
742 
769 
680 
766 
773 
774 
776 
734 
719 
729 
730 
767 
659 
773 
657 
762 
754 
737 
760 
730 
772 
754 
738 
757 
736 
747 
739 
690 
792 
771 
776 
759 
782 
780 
753 
758 
758 
779 
758 
768 
745 
645 
740 
750 
780 
727 
744 
772 
727 
727 
721 
754 
737 
786 
682 
747 
741 
752 
739 
652 
738 
768 
773 
796 
652 
737 
658 
753 
733 
759 
740 
752 
670 
746 
736 
712 
762 
778 
653 
771 
788 
713 
763 
774 
746 
665 
763 
755 
745 
730 
737 
741 
730 
776 
660 
674 
753 
721 
788 
719 
748 
807 
769 
733 
755 
729 
658 
769 
724 
747 
743 
649 
786 
758 
778 
645 
655 
737 
784 
792 
676 
709 
755 
646 
797 
779 
751 
769 
758 
742 
767 
770 
781 
659 
649 
785 
747 
774 
742 
757 
775 
779 
706 
658 
684 
745 
642 
732 
747 
795 
731 
761 
767 
670 
654 
770 
752 
742 
663 
679 
769 
739 
791 
753 
656 
781 
755 
657 
762 
657 
749 
756 
739 
775 
789 
767 
782 
746 
762 
720 
736 
742 
769 
722 
744 
648 
636 
735 
673 
656 
772 
735 
780 
719 
993 
780 
773 
777 
716 
725 
759 
743 
704 
770 
726 
695 
756 
662 
763 
671 
719 
755 
662 
745 
757 
760 
765 
772 
733 
756 
769 
650 
748 
746 
744 
777 
726 
786 
739 
795 
785 
705 
750 
660 
520 
737 
725 
761 
770 
738 
759 
725 
741 
763 
697 
749 
770 
754 
663 
759 
733 
757 
741 
756 
788 
663 
696 
664 
775 
788 
731 
762 
730 
742 
672 
661 
764 
669 
733 
743 
757 
741 
636 
723 
775 
777 
755 
735 
690 
743 
661 
776 
645 
768 
797 
723 
738 
763 
680 
643 
738 
770 
733 
747 
762 
761 
690 
769 
789 
655 
794 
646 
756 
737 
753 
725 
686 
1216 
1236 
1218 
1227 
1223 
1231 
1226 
1220 
1226 
1225 
1223 
1216 
1229 
1225 
1222 
1229 
1224 
1233 
1218 
1223 
1221 
1223 
1232 
1223 
1225 
1219 
1214 
1222 
1230 
1228 
1219 
1218 
1229 
745 
748 
806 
768 
665 
762 
702 
740 
724 
782 
686 
692 
769 
722 
747 
777 
729 
755 
743 
714 
742 
733 
758 
662 
673 
715 
681 
770 
780 
738 
728 
661 
304 
313 
320 
330 
307 
320 
345 
331 
326 
302 
307 
753 
764 
742 
792 
743 
778 
1223 
1235 
1225 
1218 
1217 
1221 
1230 
1225 
1229 
1223 
1225 
1222 
1231 
1219 
1220 
1229 
1223 
1220 
1224 
1232 
1225 
1228 
1225 
1228 
540 
739 
779 
752 
709 
734 
702 
721 
716 
711 
752 
730 
729 
766 
747 
1223 
1220 
1225 
1219 
1226 
1222 
1225 
780 
742 
778 
746 
730 
747 
747 
1229 
1214 
1226 
1228 
1233 
1223 
1226 
1220 
748 
723 
1214 
1237 
1223 
761 
715 
1228 
1230 
1219 
1232 
1218 
1227 
1222 
1217 
1224 
1223 
1224 
1218 
1228 
1233 
1226 
1226 
1223 
1233 
1232 
1218 
1221 
1231 
775 
739 
772 
751 
741 
765 
746 
748 
724 
472 
445 
454 
434 
433 
777 
725 
443 
475 
470 
465 
438 
426 
768 
784 
749 
733 
762 
743 
308 
342 
318 
311 
325 
308 
329 
327 
310 
308 
309 
351 
319 
329 
329 
346 
317 
306 
307 
312 
334 
313 
333 
341 
313 
324 
337 
306 
313 
313 
321 
638 
687 
722 
765 
1229 
1220 
1229 
1233 
1228 
1225 
753 
656 
750 
726 
743 
1225 
1222 
1223 
1221 
1220 
1219 
1226 
1217 
1222 
1227 
1232 
1224 
1224 
1226 
1231 
1223 
1225 
1224 
1225 
1232 
1229 
1223 
1225 
1223 
1225 
1229 
1219 
1223 
1228 
1220 
1229 
1233 
1218 
1221 
1227 
1226 
1216 
1215 
1225 
1215 
1220 
1225 
1218 
1219 
1218 
1223 
1226 
1233 
1236 
1231 
1229 
1225 
1229 
1227 
1222 
1218 
1217 
1233 
1228 
763 
788 
723 
772 
342 
312 
319 
346 
330 
344 
309 
310 
311 
320 
332 
314 
346 
328 
330 
308 
349 
318 
314 
304 
707 
753 
722 
784 
757 
784 
683 
701 
780 
793 
767 
414 
436 
430 
438 
763 
760 
1231 
1225 
1231 
1230 
1226 
1216 
1221 
1219 
1224 
1229 
1231 
1217 
1226 
1218 
1215 
1224 
1228 
1218 
1218 
1217 
1223 
1225 
1219 
1221 
1228 
1227 
1228 
1226 
1226 
1221 
1223 
1219 
1236 
1215 
1232 
1229 
1215 
1230 
1229 
1232 
1223 
1227 
1221 
1217 
1218 
1230 
1227 
1221 
1233 
49157 
1223 
1222 
1214 
1216 
1219 
1223 
1230 
1230 
1220 
1217 
1219 
1218 
1223 
1232 
1225 
1223 
1224 
1237 
1233 
1219 
1229 
1229 
1228 
1233 
756 
738 
774 
776 
711 
766 
751 
1222 
1226 
1217 
1227 
1232 
1218 
1229 
1219 
1220 
1225 
1229 
1222 
1223 
48901 
1216 
1219 
1218 
1218 
1223 
1218 
1220 
1216 
1233 
1219 
764 
738 
344 
337 
315 
324 
338 
337 
326 
306 
324 
338 
328 
331 
320 
315 
354 
316 
316 
321 
349 
759 
1223 
1225 
1223 
1220 
1228 
1225 
1225 
1226 
1225 
1223 
1223 
1219 
1220 
1223 
1228 
1229 
1229 
1227 
1227 
1231 
1225 
1230 
1214 
1224 
1230 
1218 
1230 
1219 
1222 
1226 
1226 
1225 
1224 
1226 
1229 
1219 
1220 
1224 
1226 
1228 
1233 
1218 
1218 
1229 
1227 
1227 
1226 
1236 
1228 
1215 
1221 
1222 
1228 
1223 
1220 
1230 
1218 
1223 
1225 
1224 
1236 
1220 
1227 
1230 
1226 
1227 
1232 
1223 
1222 
1222 
1232 
1226 
1236 
1224 
1221 
1230 
1224 
1229 
1225 
1225 
1225 
1224 
1214 
1227 
1229 
1226 
1237 
1216 
1236 
1228 
1220 
1222 
1233 
1222 
1230 
1214 
1228 
1229 
1228 
1216 
1225 
1229 
1226 
1224 
1224 
1223 
1230 
1223 
1218 
1229 
1236 
1223 
1222 
1220 
1226 
1230 
1228 
1227 
1233 
1222 
1225 
1217 
1218 
1228 
1229 
1226 
1233 
1231 
1228 
1227 
1230 
1230 
1216 
1222 
1223 
1228 
1224 
1226 
1223 
1229 
1211 
1223 
1215 
1218 
1233 
1232 
1222 
1218 
1227 
1227 
1228 
1232 
1232 
1227 
1218 
1226 
1228 
1231 
1225 
1222 
1224 
1233 
1232 
1219 
1228 
1223 
1228 
1228 
1226 
1227 
1230 
1226 
1222 
1218 
1231 
1220 
1225 
1229 
1225 
1228 
1237 
1219 
1226 
1233 
1225 
1225 
1229 
1226 
1229 
1228 
1223 
1224 
1224 
1230 
1232 
1226 
1224 
1219 
1224 
1227 
1234 
1229 
1225 
1230 
1228 
1225 
1226 
1233 
1222 
1218 
1216 
1223 
1222 
1228 
1221 
1222 
1233 
1223 
1228 
1223 
1218 
1227 
1236 
1222 
1236 
1230 
1219 
1224 
1227 
1231 
1225 
1232 
1218 
1230 
1228 
1226 
1232 
1235 
1226 
1227 
1229 
1233 
1227 
1219 
1222 
1219 
1225 
1230 
1229 
1221 
1227 
1224 
1227 
1221 
1223 
1227 
1232 
1220 
1230 
1230 
1219 
1224 
1227 
1223 
1223 
1224 
1223 
1227 
1225 
1219 
1219 
1223 
1231 
1218 
1224 
1229 
1229 
1230 
1230 
1236 
1237 
1228 
1231 
1230 
1226 
1233 
1222 
1224 
1225 
1219 
1228 
1230 
1221 
1227 
1230 
1228 
1215 
1219 
1227 
1224 
1222 
1232 
1232 
1230 
1224 
1230 
1237 
1226 
1226 
1228 
1226 
1229 
1218 
1237 
1225 
1233 
1220 
1223 
1219 
1225 
1230 
1217 
1218 
1225 
1223 
1225 
1233 
1228 
1235 
1228 
1226 
1227 
1226 
1226 
1224 
1226 
1223 
1240 
1222 
1218 
1218 
1218 
1232 
1228 
1229 
1231 
1227 
1224 
1218 
1218 
1226 
1226 
1222 
1232 
1224 
1236 
1226 
1231 
1219 
1222 
1218 
1224 
1238 
1229 
1232 
1224 
1218 
1223 
1224 
1225 
1222 
1226 
1219 
1226 
1223 
1226 
1225 
1222 
1224 
1222 
1234 
1232 
1219 
1233 
1225 
1236 
1228 
1236 
1219 
1231 
44037 
1205 
1203 
1195 
1204 
1202 
1215 
1212 
1205 
1205 
1212 
1199 
1199 
1206 
1210 
1203 
766 
714 
737 
655 
532 
672 
752 
1202 
662 
754 
1216 
1198 
1202 
1216 
1212 
1210 
1195 
1211 
1201 
1205 
1206 
1203 
1210 
1212 
1207 
1216 
1215 
1206 
1216 
1207 
1210 
1208 
1209 
1212 
1208 
1206 
1208 
1220 
1216 
1210 
1214 
1206 
1211 
1206 
1214 
1208 
1211 
1207 
1216 
765 
782 
733 
689 
712 
738 
786 
752 
749 
758 
759 
737 
755 
656 
739 
759 
780 
681 
743 
764 
760 
759 
758 
738 
784 
739 
757 
723 
757 
757 
765 
738 
660 
749 
650 
722 
730 
733 
653 
665 
747 
714 
722 
742 
514 
771 
768 
764 
673 
780 
791 
655 
742 
733 
758 
778 
665 
776 
659 
733 
736 
765 
766 
634 
748 
727 
645 
676 
762 
756 
736 
748 
752 
761 
765 
750 
724 
731 
646 
754 
680 
783 
754 
765 
704 
791 
765 
720 
639 
751 
727 
744 
754 
715 
765 
745 
665 
1218 
1214 
1226 
1215 
1220 
1221 
1222 
1211 
1218 
1210 
1221 
1221 
1220 
1222 
1217 
1220 
1214 
1224 
1217 
1210 
1220 
1214 
1215 
1211 
1207 
1222 
1218 
1216 
1211 
1210 
1210 
1221 
1214 
1212 
1207 
1219 
1219 
1214 
1221 
1211 
1227 
1217 
1221 
1224 
1219 
1215 
1217 
1226 
1216 
1221 
1220 
1220 
1229 
1212 
1217 
1217 
1223 
1211 
1214 
1220 
1215 
1220 
1220 
1211 
1219 
1223 
1217 
1214 
1223 
1218 
1218 
1215 
1208 
1220 
1213 
1214 
1226 
1216 
1221 
1230 
1219 
1221 
1214 
1225 
1221 
1229 
1229 
1211 
1220 
1212 
1222 
1213 
1223 
1222 
1216 
1215 
1225 
1221 
1216 
1222 
1211 
1230 
1221 
1212 
1217 
1227 
1219 
1222 
1217 
1217 
1214 
1220 
1224 
1222 
1220 
1214 
1216 
1218 
1220 
1223 
1216 
1225 
1215 
1229 
1223 
1216 
1214 
1228 
1222 
1210 
1224 
1222 
1221 
1215 
1225 
1218 
1221 
1220 
1220 
1220 
1209 
1210 
1216 
1210 
1221 
1224 
1225 
1215 
1222 
1219 
1227 
1211 
1222 
1218 
1223 
1219 
1220 
1224 
1210 
1225 
1215 
1214 
1221 
1228 
1226 
1221 
1218 
1229 
1229 
1211 
1220 
1221 
1222 
1217 
1210 
1219 
1219 
1219 
1226 
1214 
1225 
1218 
1221 
1219 
1222 
1214 
1228 
1220 
1226 
1218 
1231 
1221 
1224 
1222 
1222 
1227 
1219 
1218 
1218 
1224 
1232 
1227 
1226 
1220 
1230 
1225 
1218 
1235 
1223 
1226 
1225 
1226 
1224 
1229 
1226 
1230 
1215 
1222 
787 
780 
729 
732 
752 
737 
770 
1233 
1227 
1218 
1222 
1229 
1224 
1216 
1218 
1213 
1619 
1619 
1622 
1618 
1621 
1610 
1613 
1616 
1610 
1617 
1607 
1626 
1622 
1623 
1624 
1622 
1608 
1631 
1620 
1617 
518 
1285 
1297 
1282 
1282 
1293 
1288 
1281 
1286 
1292 
1287 
1288 
1285 
1287 
1290 
1288 
1295 
1297 
1293 
1283 
1288 
1283 
1296 
1292 
1290 
1287 
1285 
1288 
1294 
1288 
1289 
1299 
1297 
1290 
1291 
1296 
1290 
1290 
1293 
1283 
1294 
1290 
1289 
1292 
1287 
1293 
1294 
1282 
1299 
1289 
1297 
1291 
1288 
1286 
1295 
1293 
1300 
1283 
1289 
1283 
1293 
1290 
1288 
1297 
1286 
1286 
1291 
1294 
1282 
1290 
1295 
1290 
1291 
1295 
1295 
1295 
1292 
1282 
1283 
1296 
1282 
1291 
1289 
1289 
1284 
1293 
1294 
1295 
1288 
1296 
1297 
1285 
1290 
1286 
1295 
1291 
1289 
1288 
1283 
1290 
1291 
1286 
1287 
1293 
1296 
1289 
1291 
1291 
1291 
1294 
1296 
1288 
1285 
1294 
1294 
1295 
1282 
1301 
1299 
1283 
1294 
1297 
1290 
1288 
1295 
1291 
1295 
1290 
1300 
1287 
1284 
1286 
1301 
1290 
1290 
1295 
1290 
1296 
1300 
1291 
1297 
1291 
1288 
3083 
1293 
1297 
1297 
1287 
1300 
1296 
1295 
1297 
1289 
1296 
1305 
1293 
1298 
1302 
1295 
1299 
1297 
1301 
1297 
1298 
1298 
1301 
1291 
1300 
1293 
1295 
1293 
1308 
1288 
1294 
1298 
1294 
1291 
1297 
1296 
1301 
1292 
1299 
1293 
1296 
1292 
1291 
1304 
1300 
1308 
1301 
1297 
1290 
1293 
1285 
1295 
1299 
1290 
1299 
1303 
1300 
1300 
1301 
1294 
1301 
1290 
1302 
1301 
1290 
1296 
1296 
1301 
1297 
1307 
1301 
1298 
1300 
1294 
1298 
1297 
1291 
1299 
1298 
1300 
1297 
1304 
1305 
3082 
1296 
1298 
1290 
1290 
1305 
1298 
1300 
1297 
1295 
1292 
1302 
1297 
1303 
1303 
1291 
1292 
1298 
1289 
1292 
1294 
1294 
1291 
1293 
1299 
1290 
1296 
1294 
1294 
1301 
1296 
1291 
1304 
1301 
1289 
1302 
1290 
1296 
1292 
1295 
1290 
1291 
1297 
1297 
1294 
1299 
1290 
1293 
1302 
1294 
1300 
1308 
1301 
1301 
1304 
1291 
1293 
1303 
1302 
1305 
1299 
1298 
1303 
1298 
1300 
1297 
1301 
1291 
1294 
1300 
1287 
1298 
1297 
1291 
49157 
1226 
1218 
1229 
1223 
1228 
1225 
1234 
1225 
1219 
1216 
1225 
1231 
1228 
1232 
1228 
1218 
1223 
1233 
1222 
1230 
1232 
1217 
1224 
1223 
1226 
1219 
1218 
1224 
1232 
1240 
1233 
1226 
1221 
1230 
1223 
1219 
1223 
1223 
1219 
1219 
1232 
1228 
1223 
1236 
1232 
1225 
1219 
1230 
1228 
1226 
1226 
1229 
1226 
1229 
1219 
1233 
1236 
1227 
1221 
1226 
1223 
1218 
1223 
1226 
1219 
1227 
1228 
1233 
1227 
1226 
1225 
1236 
1226 
1228 
1227 
1231 
1222 
1230 
1223 
1223 
1233 
1232 
1234 
1227 
1222 
1222 
1226 
1233 
1226 
1236 
1235 
1222 
1223 
1227 
1232 
1226 
1220 
1227 
1222 
1237 
1223 
1218 
1223 
1229 
1227 
1227 
1230 
1233 
1221 
1224 
1224 
1237 
1226 
1226 
1236 
1233 
1227 
1223 
1218 
1233 
1236 
1225 
1227 
1229 
1227 
1223 
1234 
1224 
1232 
1222 
1237 
1221 
1227 
1223 
1237 
1224 
1237 
1232 
1233 
1236 
1228 
1229 
1224 
1234 
1219 
1229 
1231 
1225 
1233 
1221 
1236 
1236 
1233 
1219 
1233 
1230 
1222 
1241 
1222 
1228 
1222 
1234 
1222 
1227 
1223 
1233 
1236 
1236 
1237 
1226 
1233 
1231 
1231 
1241 
1228 
1232 
1227 
1226 
1224 
1233 
1236 
1232 
1226 
1233 
1227 
1229 
1227 
1229 
1221 
1237 
1231 
1219 
1240 
1234 
1236 
1222 
1237 
1229 
1222 
1224 
1221 
1232 
1230 
1228 
1225 
1226 
1226 
1230 
1227 
1224 
1233 
1237 
1225 
1219 
1224 
1237 
1228 
1227 
1220 
1236 
1232 
1224 
1227 
1227 
1229 
1233 
1224 
1221 
1226 
1225 
1224 
1222 
1225 
1226 
1227 
1229 
1224 
1227 
1227 
1220 
1225 
1233 
1226 
1232 
1214 
1219 
1228 
1228 
1222 
1233 
1226 
1237 
1237 
1230 
1219 
1230 
1229 
1236 
1224 
1230 
1241 
1222 
1233 
1226 
1231 
1233 
1229 
1225 
1223 
1226 
1233 
1237 
1231 
1231 
1227 
1225 
1234 
1232 
1226 
1219 
1219 
1231 
1232 
1223 
1221 
1233 
1225 
1226 
1230 
1229 
1221 
1227 
1230 
1234 
1225 
1234 
1227 
1230 
1232 
1229 
1234 
1231 
1229 
1228 
1232 
1227 
1222 
1229 
1223 
1230 
1230 
1218 
1232 
1236 
1233 
1229 
1228 
1232 
1224 
1234 
1230 
1232 
1226 
1227 
1226 
1224 
1230 
1228 
1228 
1231 
1222 
1221 
1234 
1224 
1235 
1227 
1223 
1234 
1232 
1219 
1227 
1230 
1233 
1230 
1233 
1227 
1222 
1227 
1225 
1229 
1240 
1232 
1230 
1222 
1230 
1222 
1226 
1236 
1215 
1224 
1225 
1230 
1230 
1232 
1225 
1226 
40965 
1185 
1185 
1182 
1188 
1193 
1200 
1194 
1194 
1192 
1189 
1191 
1190 
1187 
1191 
1186 
1193 
1197 
1186 
1195 
1191 
1186 
1187 
1199 
1192 
1193 
1194 
1194 
1187 
1197 
1198 
1201 
1200 
1187 
1187 
1188 
1191 
1196 
1193 
1199 
1187 
1193 
1196 
1191 
1197 
1193 
1195 
1195 
1196 
1190 
1196 
1205 
1188 
1191 
1196 
1201 
1195 
1200 
1204 
1194 
1198 
1190 
1200 
1193 
1197 
1195 
1199 
1200 
1187 
1196 
1199 
1194 
1195 
1204 
1191 
1194 
1192 
1202 
1194 
1193 
1201 
1195 
1194 
1199 
1201 
1191 
1200 
1199 
1195 
1195 
1194 
1204 
1195 
1196 
1194 
1205 
1197 
1195 
1195 
714 
726 
738 
715 
751 
659 
771 
762 
737 
767 
654 
747 
633 
787 
650 
707 
746 
767 
738 
762 
760 
722 
727 
741 
753 
731 
750 
721 
643 
678 
738 
764 
754 
769 
756 
776 
775 
716 
634 
634 
775 
735 
662 
709 
739 
762 
740 
650 
736 
759 
759 
751 
658 
707 
757 
688 
747 
740 
770 
733 
779 
644 
618 
710 
790 
1206 
1203 
1198 
1201 
1202 
1199 
1199 
1205 
1198 
1198 
1204 
1203 
1197 
1202 
1196 
1204 
1197 
1195 
1207 
1205 
1200 
1194 
1198 
1205 
1206 
1198 
1188 
1197 
1206 
1199 
1207 
1199 
1198 
1196 
1199 
1195 
1196 
1207 
1202 
1196 
1205 
1208 
1199 
1204 
1204 
1199 
1209 
1205 
1200 
1204 
1209 
1194 
1198 
1203 
1199 
1198 
1200 
1198 
1198 
1213 
1202 
1199 
1193 
1195 
1207 
1201 
1199 
1203 
1205 
1201 
1212 
1208 
1200 
1201 
1207 
1209 
1200 
1209 
1200 
1198 
1202 
1212 
1199 
1197 
1199 
1213 
1200 
1198 
1207 
1202 
1199 
1194 
1204 
1201 
1196 
1199 
1202 
1205 
1200 
1211 
1213 
1206 
1208 
1201 
1199 
1208 
1195 
1204 
1205 
1199 
1212 
1200 
1198 
1200 
1198 
1202 
1204 
1201 
1202 
1208 
1204 
1202 
754 
758 
700 
731 
677 
720 
337 
356 
311 
309 
303 
302 
316 
311 
315 
302 
305 
315 
317 
335 
306 
311 
330 
306 
334 
312 
334 
311 
313 
340 
358 
302 
305 
328 
345 
313 
311 
328 
338 
295 
304 
303 
306 
348 
304 
341 
349 
314 
304 
319 
296 
320 
348 
305 
348 
356 
308 
315 
320 
325 
328 
342 
331 
314 
328 
337 
329 
304 
307 
307 
350 
336 
302 
322 
302 
307 
309 
351 
300 
316 
305 
341 
303 
322 
314 
310 
314 
351 
301 
328 
304 
313 
328 
316 
336 
336 
345 
304 
332 
300 
313 
342 
344 
333 
329 
310 
306 
310 
331 
347 
303 
306 
318 
334 
306 
314 
314 
315 
317 
314 
310 
311 
314 
309 
319 
324 
320 
304 
316 
345 
328 
316 
320 
306 
336 
304 
319 
329 
343 
308 
296 
340 
321 
339 
317 
327 
306 
327 
336 
344 
310 
335 
302 
330 
310 
335 
342 
312 
313 
317 
328 
340 
342 
333 
336 
324 
334 
308 
303 
297 
344 
313 
305 
320 
338 
334 
303 
312 
314 
304 
342 
323 
320 
298 
302 
323 
321 
324 
328 
307 
328 
315 
344 
310 
327 
347 
311 
310 
26725 
0 
0 
0 
0 
0 
1179 
1178 
1189 
1181 
1183 
1176 
1187 
1185 
1188 
1185 
1179 
1180 
1181 
1173 
1182 
1184 
1177 
1189 
1176 
1189 
1183 
1176 
1189 
1179 
1183 
1191 
1192 
1178 
1179 
1178 
1174 
1188 
1180 
1179 
702 
680 
702 
705 
712 
709 
680 
681 
682 
700 
700 
676 
724 
1177 
1183 
1179 
1189 
1186 
1188 
1192 
1188 
1185 
1179 
1191 
1188 
1191 
1189 
1190 
1196 
1192 
704 
745 
322 
283 
301 
292 
322 
280 
288 
303 
292 
290 
291 
304 
320 
296 
283 
280 
275 
295 
293 
283 
314 
324 
316 
342 
300 
298 
288 
320 
297 
295 
310 
292 
298 
278 
325 
305 
280 
304 
279 
295 
314 
292 
306 
291 
326 
279 
299 
320 
327 
280 
291 
285 
288 
283 
320 
287 
281 
291 
303 
306 
283 
305 
293 
284 
283 
291 
302 
285 
339 
294 
281 
304 
336 
307 
286 
279 
332 
290 
309 
300 
299 
304 
306 
283 
278 
291 
284 
290 
283 
290 
310 
318 
306 
280 
293 
303 
294 
312 
280 
308 
324 
278 
281 
293 
278 
285 
312 
286 
276 
301 
304 
282 
301 
302 
276 
302 
320 
308 
282 
290 
293 
294 
292 
278 
288 
305 
304 
307 
288 
320 
285 
308 
281 
300 
298 
314 
293 
293 
282 
321 
321 
309 
280 
280 
324 
291 
308 
283 
290 
298 
308 
331 
300 
287 
286 
318 
293 
298 
316 
313 
280 
310 
340 
278 
302 
317 
308 
285 
298 
290 
311 
299 
289 
296 
314 
278 
282 
307 
279 
303 
300 
294 
295 
282 
286 
330 
286 
296 
288 
320 
286 
310 
333 
328 
321 
312 
295 
292 
308 
322 
313 
293 
323 
288 
295 
279 
302 
330 
315 
298 
317 
284 
306 
304 
306 
282 
279 
317 
309 
309 
278 
280 
316 
320 
318 
285 
278 
281 
301 
303 
284 
291 
290 
283 
285 
304 
282 
285 
296 
280 
298 
300 
282 
288 
308 
288 
331 
278 
284 
733 
1191 
1197 
1194 
1196 
1198 
1197 
1196 
1187 
1192 
1187 
1197 
1198 
1194 
1193 
1189 
1203 
1186 
1196 
1189 
1187 
1200 
1187 
1186 
1192 
1201 
1194 
1186 
1199 
1195 
1196 
1194 
1196 
1187 
1186 
1199 
1204 
1192 
1191 
1191 
1184 
1200 
1201 
1205 
1199 
1192 
1193 
1192 
1205 
1194 
10498 
304 
326 
322 
304 
315 
324 
332 
306 
309 
301 
313 
317 
328 
303 
334 
322 
305 
313 
298 
314 
317 
304 
338 
306 
305 
305 
305 
325 
312 
327 
329 
303 
299 
323 
299 
313 
298 
305 
335 
344 
299 
324 
328 
299 
310 
325 
327 
338 
302 
303 
345 
316 
307 
718 
737 
697 
778 
701 
767 
728 
794 
646 
733 
756 
746 
661 
758 
716 
635 
653 
755 
658 
776 
765 
656 
711 
742 
742 
770 
723 
636 
785 
697 
636 
642 
760 
673 
741 
646 
762 
720 
747 
770 
726 
752 
748 
765 
734 
683 
737 
635 
748 
756 
769 
715 
730 
636 
754 
722 
645 
784 
753 
756 
727 
641 
726 
751 
746 
749 
756 
670 
673 
757 
712 
718 
764 
734 
668 
644 
752 
738 
705 
765 
772 
733 
780 
762 
783 
749 
734 
742 
1194 
1193 
1185 
1195 
1200 
1178 
1193 
1195 
1190 
781 
774 
734 
764 
778 
634 
722 
632 
750 
710 
747 
762 
761 
758 
770 
770 
728 
771 
749 
730 
749 
764 
773 
743 
752 
641 
705 
754 
737 
733 
756 
658 
732 
740 
763 
722 
777 
767 
681 
755 
757 
781 
746 
754 
721 
735 
734 
644 
661 
784 
772 
660 
772 
755 
748 
698 
780 
759 
743 
766 
740 
767 
712 
770 
669 
757 
737 
659 
743 
734 
761 
756 
722 
760 
786 
666 
644 
729 
773 
689 
666 
763 
643 
754 
644 
759 
761 
719 
763 
663 
750 
788 
747 
641 
755 
780 
749 
745 
676 
754 
641 
759 
766 
734 
774 
743 
754 
753 
764 
654 
757 
755 
738 
644 
739 
734 
320 
301 
329 
342 
301 
325 
346 
312 
328 
301 
306 
313 
743 
771 
743 
798 
518 
754 
743 
759 
748 
758 
741 
656 
762 
733 
757 
746 
747 
745 
728 
744 
725 
759 
727 
748 
734 
768 
737 
743 
781 
649 
731 
738 
764 
751 
671 
768 
649 
722 
708 
751 
752 
726 
669 
774 
777 
750 
756 
651 
744 
764 
653 
720 
780 
743 
728 
761 
735 
727 
1190 
1192 
1200 
1200 
1204 
1197 
1198 
1193 
653 
773 
740 
730 
321 
340 
333 
303 
306 
304 
304 
308 
313 
320 
329 
315 
305 
301 
301 
305 
338 
336 
303 
340 
308 
343 
309 
332 
325 
329 
341 
314 
330 
341 
346 
325 
313 
340 
306 
308 
305 
357 
309 
333 
313 
330 
308 
310 
335 
325 
343 
320 
322 
306 
302 
302 
312 
307 
301 
329 
299 
311 
324 
310 
322 
324 
306 
329 
333 
316 
307 
325 
325 
346 
302 
334 
293 
319 
301 
297 
334 
304 
320 
306 
325 
305 
322 
321 
317 
302 
305 
315 
339 
330 
366 
308 
330 
351 
325 
348 
323 
309 
318 
319 
324 
306 
303 
322 
322 
314 
321 
303 
351 
314 
308 
344 
325 
310 
307 
337 
317 
338 
325 
20483 
347 
307 
301 
306 
304 
314 
334 
315 
320 
293 
340 
322 
328 
301 
306 
310 
318 
343 
313 
302 
332 
308 
333 
313 
320 
308 
341 
316 
320 
310 
315 
341 
332 
348 
307 
325 
341 
302 
313 
305 
310 
333 
341 
336 
326 
307 
311 
303 
307 
301 
308 
313 
310 
311 
328 
328 
305 
337 
340 
324 
306 
320 
307 
305 
319 
318 
322 
330 
306 
325 
311 
307 
312 
307 
303 
315 
310 
323 
342 
312 
310 
303 
310 
302 
332 
320 
328 
339 
311 
310 
326 
316 
325 
336 
306 
304 
312 
333 
332 
314 
297 
321 
334 
312 
306 
310 
316 
310 
304 
313 
308 
306 
303 
330 
324 
303 
349 
314 
14850 
331 
335 
305 
316 
338 
316 
341 
308 
301 
708 
778 
718 
755 
767 
648 
722 
741 
680 
739 
730 
715 
657 
767 
640 
745 
775 
764 
725 
718 
738 
721 
778 
740 
739 
751 
732 
763 
772 
784 
735 
740 
756 
760 
762 
754 
786 
744 
722 
761 
741 
751 
652 
746 
752 
724 
752 
746 
745 
793 
743 
768 
661 
716 
776 
711 
731 
746 
737 
744 
694 
752 
58628 
745 
781 
756 
717 
742 
750 
752 
759 
761 
648 
661 
732 
738 
689 
653 
750 
749 
757 
759 
728 
764 
759 
755 
687 
737 
759 
686 
767 
775 
716 
781 
750 
777 
743 
755 
780 
685 
777 
59396 
762 
711 
716 
763 
750 
757 
707 
725 
752 
762 
771 
635 
736 
754 
729 
769 
759 
715 
730 
733 
740 
759 
64516 
727 
769 
752 
757 
739 
750 
759 
768 
758 
751 
750 
778 
677 
768 
736 
704 
726 
752 
780 
783 
640 
671 
756 
755 
786 
750 
768 
755 
635 
991 
737 
728 
761 
727 
766 
766 
783 
742 
737 
780 
761 
779 
727 
660 
753 
782 
640 
737 
707 
709 
767 
741 
719 
770 
726 
764 
656 
694 
762 
753 
736 
736 
741 
653 
700 
758 
734 
784 
747 
671 
795 
765 
658 
742 
640 
776 
748 
762 
758 
714 
765 
686 
694 
796 
771 
740 
644 
745 
516 
768 
716 
747 
670 
740 
759 
755 
742 
64772 
761 
773 
770 
749 
776 
759 
766 
760 
732 
733 
703 
772 
726 
727 
739 
744 
754 
724 
782 
640 
776 
742 
710 
751 
726 
742 
761 
727 
762 
646 
702 
774 
734 
635 
709 
773 
736 
793 
734 
748 
780 
518 
780 
743 
778 
669 
652 
738 
732 
758 
656 
775 
786 
659 
719 
769 
751 
741 
720 
743 
742 
676 
742 
54532 
65279 
668 
781 
764 
739 
781 
781 
977 
651 
767 
768 
768 
681 
757 
800 
746 
661 
746 
739 
760 
734 
786 
770 
708 
757 
758 
59140 
766 
715 
718 
741 
760 
524 
753 
774 
772 
759 
741 
791 
706 
720 
749 
672 
715 
730 
772 
781 
708 
765 
739 
658 
752 
752 
687 
645 
708 
779 
764 
785 
4356 
768 
743 
741 
742 
649 
738 
751 
778 
705 
653 
761 
740 
752 
750 
728 
773 
756 
763 
726 
655 
721 
1017 
753 
960 
750 
657 
749 
727 
730 
731 
665 
739 
771 
745 
721 
773 
761 
711 
654 
780 
658 
666 
749 
770 
725 
715 
735 
757 
759 
782 
726 
759 
655 
1208 
1199 
1194 
1195 
1204 
1200 
1198 
680 
743 
750 
775 
735 
740 
691 
761 
726 
777 
739 
723 
780 
738 
731 
742 
777 
741 
743 
790 
730 
723 
752 
713 
1206 
726 
626 
674 
1206 
1207 
1209 
1199 
1207 
1201 
1202 
1199 
1201 
1202 
1197 
1208 
1199 
1198 
1211 
1198 
1206 
1204 
1195 
1199 
1209 
1202 
1207 
1200 
1207 
1203 
1209 
1195 
1205 
1212 
1203 
1202 
1204 
1204 
1200 
1206 
1198 
727 
748 
654 
786 
649 
727 
689 
737 
661 
656 
778 
657 
746 
755 
669 
783 
751 
757 
725 
684 
744 
657 
759 
741 
646 
748 
760 
737 
735 
634 
755 
779 
766 
733 
688 
741 
782 
772 
751 
755 
750 
1206 
1195 
1201 
1205 
1193 
784 
733 
658 
1207 
1198 
1213 
1194 
1206 
1213 
1213 
1215 
1215 
1205 
1204 
1212 
1202 
1205 
1202 
1198 
1205 
1198 
1203 
1198 
1203 
1209 
1206 
1206 
1207 
1213 
1206 
762 
746 
1211 
1195 
648 
682 
778 
776 
750 
753 
649 
743 
723 
768 
681 
774 
745 
737 
60675 
662 
658 
778 
727 
779 
753 
777 
767 
661 
764 
658 
786 
739 
768 
743 
640 
784 
718 
746 
696 
654 
732 
799 
797 
718 
752 
755 
772 
721 
730 
663 
771 
780 
725 
764 
5124 
760 
778 
653 
787 
798 
759 
771 
722 
726 
768 
778 
754 
748 
766 
665 
745 
760 
717 
782 
524 
731 
782 
741 
761 
756 
777 
679 
784 
778 
679 
652 
3076 
65279 
757 
794 
725 
790 
793 
756 
722 
759 
738 
646 
669 
727 
764 
725 
739 
742 
767 
762 
669 
658 
779 
810 
754 
654 
1028 
761 
725 
758 
743 
773 
719 
748 
741 
759 
761 
763 
737 
2820 
65279 
735 
758 
775 
756 
653 
733 
742 
668 
754 
751 
742 
516 
766 
758 
650 
747 
1028 
761 
734 
764 
763 
731 
707 
728 
738 
768 
783 
670 
666 
649 
684 
739 
652 
732 
773 
652 
726 
993 
714 
668 
727 
655 
770 
746 
712 
640 
779 
764 
63748 
757 
668 
514 
757 
763 
756 
759 
749 
748 
719 
678 
772 
765 
730 
739 
671 
760 
757 
789 
678 
727 
769 
735 
648 
785 
797 
734 
635 
783 
765 
766 
767 
670 
746 
730 
759 
665 
725 
62980 
789 
661 
691 
785 
734 
704 
754 
755 
750 
743 
734 
761 
760 
754 
730 
744 
765 
751 
706 
790 
644 
737 
737 
775 
728 
757 
771 
651 
787 
712 
719 
710 
765 
781 
796 
668 
745 
761 
707 
673 
741 
751 
754 
753 
754 
757 
698 
720 
984 
686 
796 
744 
772 
745 
747 
683 
784 
660 
767 
680 
751 
801 
677 
743 
760 
753 
749 
786 
654 
744 
731 
693 
741 
652 
717 
752 
687 
777 
654 
744 
746 
780 
741 
759 
783 
748 
754 
785 
741 
741 
773 
788 
746 
637 
736 
720 
654 
660 
747 
777 
748 
739 
737 
780 
745 
728 
765 
739 
726 
789 
764 
637 
654 
722 
762 
749 
737 
730 
645 
755 
761 
741 
641 
707 
673 
687 
703 
638 
641 
774 
738 
746 
751 
765 
751 
746 
767 
741 
709 
733 
748 
670 
727 
770 
727 
769 
737 
773 
782 
754 
757 
743 
748 
767 
752 
726 
768 
741 
739 
728 
753 
784 
760 
745 
764 
653 
750 
758 
734 
750 
740 
768 
670 
722 
768 
669 
776 
749 
757 
737 
774 
776 
789 
789 
764 
742 
780 
764 
733 
769 
786 
757 
749 
754 
769 
767 
708 
657 
657 
739 
741 
756 
670 
654 
750 
772 
718 
742 
722 
721 
656 
765 
676 
641 
728 
754 
742 
715 
724 
760 
789 
761 
735 
747 
777 
665 
775 
658 
745 
694 
723 
763 
526 
776 
757 
662 
754 
701 
757 
744 
749 
680 
763 
769 
743 
676 
740 
692 
730 
703 
730 
734 
760 
741 
714 
768 
771 
642 
768 
512 
49156 
759 
740 
765 
730 
728 
770 
758 
766 
762 
766 
635 
743 
735 
759 
676 
726 
764 
764 
715 
635 
676 
652 
662 
663 
647 
730 
735 
759 
766 
723 
736 
764 
732 
735 
655 
780 
715 
755 
754 
757 
751 
738 
748 
778 
764 
745 
725 
739 
750 
750 
756 
769 
664 
754 
760 
726 
737 
753 
740 
753 
772 
675 
729 
767 
758 
757 
780 
765 
759 
752 
784 
769 
747 
766 
743 
776 
792 
673 
640 
735 
746 
757 
728 
751 
779 
751 
730 
665 
767 
756 
678 
760 
659 
742 
770 
740 
763 
760 
732 
752 
751 
694 
734 
757 
759 
686 
737 
692 
644 
721 
650 
748 
727 
755 
746 
59140 
727 
679 
775 
634 
765 
737 
741 
664 
642 
765 
774 
762 
740 
766 
768 
730 
750 
761 
735 
751 
746 
738 
747 
747 
672 
729 
762 
732 
757 
664 
727 
732 
738 
728 
758 
714 
636 
748 
755 
649 
744 
668 
742 
765 
752 
706 
732 
718 
753 
764 
733 
772 
680 
770 
754 
672 
759 
779 
763 
645 
751 
785 
650 
757 
739 
726 
747 
755 
664 
744 
779 
719 
657 
642 
758 
740 
749 
757 
772 
739 
770 
731 
60420 
763 
737 
723 
755 
657 
718 
656 
651 
751 
704 
741 
762 
743 
755 
746 
715 
657 
716 
766 
748 
732 
666 
763 
737 
732 
760 
735 
646 
773 
780 
751 
732 
737 
738 
742 
680 
653 
755 
762 
766 
670 
750 
800 
760 
778 
763 
730 
707 
986 
753 
731 
775 
676 
741 
723 
755 
768 
761 
641 
764 
656 
704 
762 
760 
766 
664 
653 
791 
672 
778 
57859 
665 
759 
662 
765 
786 
1028 
744 
771 
748 
650 
786 
754 
736 
739 
762 
688 
742 
715 
662 
752 
642 
658 
746 
790 
984 
733 
660 
774 
772 
648 
648 
49156 
767 
740 
770 
764 
757 
764 
674 
658 
761 
718 
749 
725 
726 
644 
742 
780 
751 
678 
668 
746 
777 
689 
735 
748 
721 
668 
749 
704 
753 
778 
749 
779 
727 
770 
729 
727 
754 
643 
762 
747 
769 
727 
643 
751 
741 
786 
727 
658 
640 
777 
771 
749 
763 
674 
698 
779 
722 
652 
706 
638 
716 
727 
678 
745 
740 
742 
726 
750 
743 
720 
762 
739 
751 
49924 
780 
746 
726 
761 
643 
780 
731 
778 
656 
718 
756 
730 
727 
767 
710 
776 
799 
675 
766 
719 
668 
733 
765 
671 
771 
766 
754 
683 
779 
654 
780 
653 
669 
773 
692 
665 
756 
754 
992 
761 
758 
769 
731 
725 
768 
749 
763 
767 
649 
55044 
770 
760 
722 
779 
664 
719 
784 
785 
718 
759 
751 
765 
721 
747 
739 
746 
750 
692 
666 
767 
735 
796 
743 
747 
711 
763 
778 
722 
746 
756 
736 
697 
770 
777 
714 
779 
655 
746 
774 
739 
761 
662 
761 
653 
652 
768 
720 
780 
693 
644 
764 
765 
755 
660 
652 
754 
736 
762 
741 
756 
762 
738 
812 
762 
520 
660 
765 
784 
726 
741 
760 
777 
780 
783 
749 
683 
685 
642 
664 
712 
770 
750 
736 
741 
751 
749 
747 
754 
665 
770 
759 
741 
721 
770 
728 
683 
658 
758 
752 
740 
747 
757 
666 
727 
770 
669 
755 
770 
655 
776 
672 
732 
660 
645 
762 
716 
736 
721 
642 
757 
764 
758 
790 
774 
751 
750 
729 
796 
758 
761 
752 
776 
654 
769 
762 
657 
784 
768 
756 
688 
782 
796 
766 
722 
754 
729 
781 
679 
743 
784 
764 
677 
789 
764 
736 
743 
713 
766 
729 
714 
747 
781 
739 
763 
768 
719 
779 
751 
737 
777 
757 
751 
736 
661 
786 
653 
688 
730 
723 
650 
767 
778 
745 
762 
723 
738 
665 
773 
760 
773 
741 
759 
761 
746 
775 
758 
760 
735 
766 
704 
668 
708 
755 
735 
770 
767 
779 
758 
734 
783 
740 
791 
749 
723 
684 
793 
784 
682 
773 
727 
739 
739 
740 
731 
645 
768 
772 
728 
732 
750 
767 
780 
786 
737 
768 
732 
723 
755 
769 
743 
763 
736 
774 
746 
779 
735 
738 
736 
672 
662 
735 
747 
657 
713 
757 
755 
734 
686 
778 
755 
660 
775 
770 
734 
670 
656 
768 
771 
951 
638 
645 
665 
759 
32260 
745 
685 
742 
778 
725 
762 
763 
788 
760 
767 
770 
753 
676 
654 
760 
650 
635 
664 
778 
633 
751 
761 
759 
785 
651 
898 
677 
687 
726 
750 
678 
659 
761 
743 
762 
692 
766 
774 
64004 
714 
682 
781 
767 
56580 
744 
650 
733 
741 
673 
727 
626 
769 
734 
709 
742 
765 
740 
766 
778 
743 
653 
750 
734 
656 
773 
753 
645 
680 
672 
739 
764 
793 
766 
728 
752 
763 
755 
760 
648 
765 
654 
721 
661 
754 
760 
692 
743 
748 
742 
688 
737 
757 
756 
779 
729 
759 
719 
660 
782 
767 
657 
762 
737 
675 
750 
755 
786 
753 
764 
754 
58116 
754 
762 
741 
726 
745 
776 
689 
678 
765 
657 
776 
751 
666 
746 
1018 
733 
730 
669 
643 
751 
749 
753 
656 
752 
662 
742 
758 
757 
787 
747 
742 
657 
663 
770 
780 
40195 
731 
742 
775 
717 
758 
670 
748 
775 
715 
650 
763 
732 
737 
768 
716 
751 
642 
751 
753 
689 
755 
757 
65284 
732 
701 
766 
750 
757 
738 
793 
729 
654 
779 
755 
715 
743 
653 
770 
641 
743 
780 
766 
777 
896 
773 
700 
677 
733 
780 
734 
741 
777 
739 
750 
667 
654 
773 
654 
643 
747 
733 
60932 
665 
721 
760 
762 
716 
788 
731 
761 
650 
762 
732 
733 
770 
750 
671 
740 
646 
769 
766 
744 
685 
776 
651 
781 
758 
650 
743 
767 
678 
734 
748 
642 
791 
781 
775 
653 
763 
767 
665 
746 
707 
791 
743 
724 
726 
756 
749 
746 
718 
765 
736 
783 
756 
756 
786 
767 
704 
754 
661 
707 
763 
710 
788 
749 
728 
656 
738 
805 
653 
735 
733 
790 
732 
671 
697 
745 
654 
747 
772 
716 
724 
674 
786 
714 
714 
707 
743 
752 
742 
702 
661 
665 
747 
748 
746 
721 
668 
747 
753 
776 
688 
756 
679 
730 
709 
750 
755 
674 
765 
733 
755 
787 
706 
642 
752 
660 
652 
668 
728 
765 
750 
711 
695 
656 
774 
773 
640 
733 
638 
703 
35331 
650 
757 
757 
760 
635 
769 
769 
739 
723 
641 
748 
734 
783 
761 
770 
746 
734 
767 
799 
798 
785 
714 
753 
759 
780 
773 
758 
756 
768 
725 
730 
748 
771 
751 
715 
697 
650 
750 
747 
784 
668 
715 
764 
755 
706 
647 
721 
738 
645 
639 
674 
732 
782 
757 
695 
776 
729 
749 
758 
749 
772 
721 
654 
674 
767 
763 
718 
756 
772 
698 
720 
637 
664 
637 
771 
721 
760 
766 
684 
757 
766 
755 
748 
645 
767 
758 
638 
776 
753 
749 
748 
757 
773 
647 
698 
759 
759 
793 
642 
732 
723 
728 
649 
766 
761 
736 
642 
661 
778 
756 
754 
796 
661 
660 
765 
647 
790 
635 
660 
743 
786 
722 
772 
640 
750 
776 
750 
757 
658 
752 
793 
761 
730 
759 
709 
763 
649 
641 
777 
736 
652 
739 
766 
716 
782 
759 
766 
678 
775 
728 
721 
707 
785 
755 
766 
765 
685 
638 
749 
745 
777 
716 
722 
733 
717 
749 
734 
741 
651 
775 
719 
705 
769 
648 
759 
794 
760 
660 
703 
749 
658 
780 
780 
36356 
779 
741 
731 
664 
757 
734 
751 
762 
721 
635 
726 
766 
723 
741 
719 
745 
778 
776 
725 
736 
649 
768 
780 
706 
727 
762 
776 
635 
758 
727 
749 
