967 
1099 
979 
957 
1066 
1018 
1062 
1054 
1041 
1111 
1044 
1137 
1151 
1162 
1101 
1175 
1077 
1141 
1146 
1068 
1141 
1104 
1014 
1144 
1008 
948 
1134 
1000 
1035 
1083 
1163 
1162 
1128 
1099 
1117 
1070 
965 
1101 
984 
1064 
1082 
1005 
1093 
1166 
1119 
1036 
1145 
1002 
1041 
1049 
1063 
967 
1094 
1127 
1135 
1176 
1068 
1168 
1125 
1113 
968 
1007 
1127 
1116 
967 
1028 
1167 
1147 
1091 
1138 
1175 
1106 
1143 
1128 
1104 
1056 
1127 
1103 
1083 
959 
1080 
1091 
1147 
1000 
1025 
999 
1098 
1110 
1035 
1127 
1155 
1140 
1021 
1079 
1090 
1157 
1132 
1109 
20734 
1172 
1130 
1142 
1117 
1121 
1152 
1116 
994 
1137 
1045 
1123 
1129 
1127 
1107 
1141 
1089 
1056 
1114 
1109 
1014 
1076 
1165 
1021 
994 
1008 
1128 
1147 
1086 
1128 
961 
1125 
1074 
989 
1050 
1105 
1109 
990 
1063 
1098 
1121 
1121 
1113 
1109 
1075 
1036 
1100 
1127 
1026 
1136 
1146 
1095 
1121 
1103 
990 
1112 
980 
1035 
1101 
991 
1099 
1056 
1059 
1145 
1071 
987 
1158 
1124 
1081 
1130 
1065 
1060 
1083 
1073 
1020 
953 
1068 
1136 
1095 
1060 
868 
1004 
1081 
1030 
978 
1006 
1126 
1106 
1172 
1133 
1115 
1137 
999 
1026 
1060 
1137 
1096 
974 
1070 
947 
1142 
1019 
983 
1142 
1119 
989 
1091 
1090 
1065 
1075 
1150 
1098 
963 
1110 
1111 
1027 
1055 
1146 
1145 
1081 
1130 
1101 
962 
1064 
1033 
1161 
1137 
1099 
998 
1068 
1130 
1066 
1062 
1106 
1080 
1136 
1052 
1144 
1113 
1152 
1086 
1040 
1131 
945 
1148 
1045 
962 
1036 
1050 
1044 
951 
1144 
1025 
1044 
1103 
1035 
1119 
1080 
1051 
1027 
1060 
1016 
1144 
974 
1130 
1040 
1034 
1113 
1034 
1083 
1116 
1146 
1094 
1152 
997 
1137 
1052 
1008 
1027 
1101 
1082 
1065 
1095 
957 
1040 
1102 
1155 
1125 
999 
1094 
1061 
1076 
998 
1048 
1088 
1156 
1129 
1032 
1040 
1081 
1076 
997 
1089 
1270 
963 
1124 
1037 
1134 
1072 
950 
1126 
1125 
997 
1103 
953 
978 
1115 
1073 
1142 
1065 
1167 
1102 
1143 
1089 
1123 
964 
1098 
990 
1098 
1076 
1137 
1086 
1062 
1103 
976 
1089 
1109 
968 
975 
993 
1088 
1142 
1111 
1066 
1153 
997 
989 
1178 
993 
1124 
948 
1136 
1005 
1129 
1061 
1121 
1000 
979 
1174 
1075 
1169 
1061 
1154 
1069 
1088 
1121 
1096 
1108 
1058 
1104 
1105 
1092 
1056 
1109 
1112 
1092 
1090 
1100 
951 
1153 
997 
1151 
1121 
1120 
1095 
1068 
993 
1121 
958 
1040 
1153 
972 
1123 
1100 
1126 
1157 
1132 
1051 
984 
1163 
1163 
1130 
1160 
1098 
1108 
1036 
1104 
1115 
972 
1114 
1142 
1089 
1121 
1105 
993 
1101 
1004 
996 
1162 
1168 
1001 
966 
998 
1142 
1139 
1097 
1126 
1166 
997 
1090 
1050 
1155 
1126 
1014 
1106 
950 
1075 
1122 
957 
1115 
1143 
1079 
1074 
1061 
1154 
1115 
1118 
1111 
1063 
1080 
944 
1122 
1059 
1040 
1028 
1130 
1139 
1126 
1156 
989 
1125 
1148 
1044 
1111 
990 
1075 
1051 
990 
1114 
1061 
1114 
1048 
974 
970 
1141 
1156 
1112 
1120 
957 
1105 
1028 
981 
1143 
1145 
1101 
1078 
1045 
1129 
1024 
1157 
1093 
1126 
1086 
1107 
978 
1133 
1131 
1145 
1155 
1016 
1127 
1092 
1134 
1100 
972 
1019 
1088 
1026 
1115 
988 
1166 
1096 
1141 
972 
976 
1133 
1140 
1048 
1129 
1064 
1143 
1040 
1107 
1041 
974 
1008 
1122 
1120 
1043 
1147 
1095 
1161 
1053 
1091 
1085 
989 
1077 
1059 
1096 
1052 
1056 
1138 
975 
1170 
974 
1166 
1155 
1046 
1078 
1055 
1131 
1072 
1162 
1159 
1009 
1127 
1163 
1107 
1141 
1069 
983 
1118 
1126 
1027 
1155 
1067 
1141 
1135 
1092 
995 
1120 
1164 
1118 
1181 
1091 
977 
962 
1134 
945 
957 
1111 
1144 
1062 
1041 
1136 
1094 
962 
1143 
1168 
1103 
1169 
976 
1107 
1152 
1135 
1162 
1049 
1101 
1104 
1040 
1058 
1106 
1075 
1128 
1118 
1024 
1102 
1140 
1141 
1132 
1105 
1081 
1038 
1000 
1025 
989 
1080 
1048 
1158 
1131 
1115 
1039 
1128 
1069 
1076 
1042 
1084 
945 
1128 
1063 
1135 
1171 
1072 
1047 
1084 
1274 
1119 
1011 
1131 
1093 
1128 
1110 
977 
1115 
1136 
1059 
1172 
1028 
1104 
1158 
1140 
1077 
1058 
1120 
1104 
1047 
1042 
1143 
1138 
1155 
1049 
982 
1103 
1109 
996 
1095 
1090 
1120 
950 
1127 
1140 
1091 
1088 
1158 
1133 
1147 
1155 
1132 
1107 
1078 
1103 
1144 
1116 
1118 
1044 
999 
1000 
1113 
943 
1172 
1096 
1089 
1001 
1100 
1120 
1111 
959 
1062 
983 
1133 
1140 
1107 
1074 
985 
1094 
1162 
1085 
1143 
1165 
1153 
1024 
1166 
1136 
966 
991 
970 
1162 
1019 
1156 
1161 
981 
1031 
1043 
1031 
1114 
1167 
1032 
1049 
978 
1078 
960 
1031 
1062 
1143 
1128 
1161 
1118 
1145 
943 
1113 
1123 
1030 
1132 
974 
1159 
1125 
1105 
1159 
1069 
1152 
1064 
1152 
1136 
1146 
1155 
1130 
956 
1116 
992 
1042 
1048 
1097 
959 
1129 
1048 
993 
1115 
1040 
1093 
1078 
1099 
1125 
974 
1141 
1088 
1130 
1130 
1155 
1158 
1104 
1124 
1054 
1110 
1050 
1152 
1172 
1155 
1064 
987 
1100 
1062 
1137 
991 
1062 
1139 
1111 
1129 
1074 
1142 
1092 
1029 
1100 
1128 
1130 
1016 
1099 
1105 
1056 
1139 
1006 
1135 
1143 
1044 
1121 
1110 
1009 
1016 
1129 
1108 
1120 
1052 
1118 
980 
1030 
1149 
1125 
1111 
1117 
1111 
1105 
1063 
1107 
1041 
985 
1006 
990 
1094 
1042 
1116 
1152 
1118 
991 
1037 
996 
1060 
1096 
971 
1109 
1126 
1111 
1107 
1174 
1065 
1113 
1056 
997 
1054 
1127 
1052 
1041 
1131 
1018 
1122 
1118 
983 
973 
1145 
1103 
1098 
979 
1070 
1110 
1050 
1074 
1072 
1084 
1180 
969 
984 
1007 
1059 
993 
1147 
1132 
1125 
1103 
1152 
1046 
1115 
1232 
1003 
1178 
1060 
1064 
1015 
1048 
1136 
1038 
1124 
1030 
1067 
1153 
1112 
980 
1090 
1130 
1053 
988 
1032 
1121 
1118 
1105 
1043 
1040 
1116 
1162 
1101 
967 
1142 
1040 
1056 
1079 
1142 
1045 
1122 
1123 
1130 
1160 
1094 
958 
1068 
1162 
1091 
1077 
1005 
1075 
1134 
1044 
994 
1072 
989 
1150 
1154 
965 
1097 
1141 
1180 
1073 
990 
1168 
1121 
1102 
1098 
1097 
1123 
983 
1057 
973 
1164 
1137 
1113 
1149 
1101 
1040 
1134 
1073 
1146 
996 
975 
1103 
1028 
1182 
1038 
1053 
1161 
1071 
1056 
1126 
974 
1152 
1125 
1172 
1028 
1124 
972 
1119 
1158 
1061 
1048 
1111 
1045 
1116 
1114 
1074 
1158 
1098 
1063 
1016 
1053 
1120 
1122 
1049 
979 
1153 
1066 
1061 
1103 
968 
953 
977 
1136 
1112 
1104 
1108 
1135 
1146 
1119 
1165 
1065 
1115 
1061 
978 
1101 
1070 
1063 
1164 
1050 
1107 
986 
1168 
1139 
1119 
1091 
1100 
1164 
1101 
1038 
980 
1003 
1034 
984 
1164 
1093 
1156 
1114 
1026 
1123 
1143 
985 
977 
1029 
969 
1126 
885 
1135 
1134 
1169 
1044 
972 
994 
1095 
1046 
1105 
1004 
1041 
1146 
975 
1094 
1166 
1146 
1033 
973 
1139 
1178 
1039 
1078 
1164 
953 
1164 
1133 
1061 
1048 
1016 
1063 
1119 
1054 
1133 
1022 
1118 
955 
1111 
972 
1075 
1104 
1152 
991 
1016 
1147 
1037 
1121 
1141 
1254 
1125 
998 
1065 
1092 
1126 
964 
1059 
1149 
968 
1154 
1151 
1079 
1099 
1110 
997 
1066 
1174 
1066 
1082 
1128 
1033 
1101 
1139 
774 
1078 
1090 
956 
1076 
1119 
1150 
959 
1054 
1075 
1058 
1108 
1035 
1050 
1057 
1054 
1075 
1104 
1178 
1032 
1047 
1031 
1042 
1149 
1140 
1003 
1164 
1016 
1108 
1131 
1009 
1114 
1088 
1132 
1170 
1040 
1111 
1148 
1030 
958 
1081 
1083 
1162 
1037 
1113 
1127 
1005 
1141 
1100 
1038 
1153 
975 
1018 
1113 
1106 
1145 
957 
1109 
1158 
1030 
879 
1159 
1049 
1138 
1028 
1115 
1003 
1162 
1114 
1155 
1123 
1144 
1066 
998 
1040 
979 
1008 
1077 
1176 
1157 
1102 
1054 
1133 
1137 
1168 
1007 
1121 
1143 
1154 
1127 
1084 
1091 
1060 
1052 
979 
1119 
1142 
1154 
993 
1114 
1145 
998 
1014 
968 
1114 
1157 
1126 
964 
1062 
1040 
977 
1011 
1152 
1138 
1029 
1034 
1075 
1116 
1166 
978 
1156 
1037 
1122 
1102 
1048 
1405 
1420 
1398 
1430 
1426 
1446 
1410 
1421 
1411 
1424 
1442 
1391 
1427 
1416 
1398 
1446 
1408 
1428 
1405 
1437 
1429 
1423 
1417 
1427 
1415 
1420 
1424 
1425 
1442 
1419 
1418 
1408 
1432 
1110 
1125 
1106 
1032 
985 
1148 
1024 
1115 
1092 
1115 
1039 
1040 
993 
1093 
1133 
1038 
1089 
1149 
1131 
1062 
1137 
1114 
1169 
1002 
1004 
1080 
1007 
1038 
1054 
1108 
1092 
991 
763 
781 
773 
796 
781 
769 
826 
818 
827 
789 
806 
1128 
1150 
1142 
1103 
1134 
1043 
1426 
1427 
1420 
1410 
1410 
1413 
1442 
1415 
1427 
1436 
1406 
1427 
1414 
1420 
1418 
1425 
1413 
1422 
1417 
1424 
1433 
1424 
1422 
1415 
1186 
1068 
1062 
1129 
1073 
1113 
1080 
1102 
1076 
1087 
1137 
1092 
1096 
1170 
1051 
1444 
1412 
1407 
1423 
1414 
1437 
1421 
1059 
1072 
1050 
1131 
1095 
1134 
1127 
1433 
1405 
1414 
1414 
1418 
1446 
1422 
1424 
1123 
1036 
1421 
1427 
1430 
1148 
1155 
1450 
1445 
1414 
1429 
1408 
1414 
1436 
1412 
1402 
1446 
1430 
1414 
1407 
1419 
1410 
1425 
1435 
1427 
1419 
1420 
1418 
1435 
1059 
1125 
1042 
1156 
1137 
1168 
1129 
1132 
1064 
882 
879 
898 
850 
842 
1040 
1106 
868 
924 
926 
895 
885 
851 
1024 
1051 
1143 
1110 
1130 
1152 
781 
854 
803 
801 
810 
786 
798 
820 
804 
785 
791 
790 
802 
807 
804 
826 
802 
773 
780 
815 
830 
783 
824 
773 
777 
797 
812 
771 
775 
781 
779 
1100 
1057 
1081 
1050 
1438 
1413 
1438 
1412 
1428 
1411 
1104 
1219 
1145 
1031 
1145 
1413 
1410 
1426 
1429 
1411 
1408 
1441 
1405 
1405 
1432 
1415 
1418 
1416 
1411 
1446 
1430 
1412 
1443 
1414 
1424 
1432 
1439 
1425 
1428 
1446 
1430 
1419 
1447 
1427 
1414 
1427 
1419 
1423 
1424 
1425 
1424 
1405 
1429 
1420 
1425 
1415 
1411 
1408 
1409 
1412 
1432 
1428 
1426 
1438 
1445 
1429 
1420 
1427 
1425 
1402 
1403 
1408 
1429 
1422 
1167 
1078 
1086 
1186 
852 
777 
813 
826 
805 
829 
797 
800 
798 
774 
818 
795 
799 
809 
808 
777 
845 
803 
781 
765 
1059 
1143 
953 
1051 
1152 
1138 
1018 
1058 
1048 
1149 
1185 
867 
866 
865 
884 
1119 
1140 
1453 
1417 
1442 
1410 
1407 
1403 
1436 
1423 
1412 
1447 
1433 
1416 
1422 
1409 
1431 
1403 
1422 
1398 
1405 
1431 
1427 
1420 
1415 
1426 
1424 
1425 
1419 
1416 
1415 
1406 
1445 
1413 
1438 
1431 
1418 
1438 
1429 
1441 
1434 
1417 
1426 
1419 
1414 
1408 
1399 
1447 
1421 
1429 
1422 
28670 
1427 
1419 
1418 
1395 
1413 
1435 
1442 
1436 
1421 
1405 
1413 
1414 
1413 
1418 
1421 
1405 
1413 
1429 
1431 
1417 
1412 
1429 
1418 
1427 
1142 
1118 
1169 
1053 
1082 
1176 
1164 
1430 
1407 
1399 
1421 
1418 
1408 
1458 
1408 
1406 
1416 
1434 
1425 
1434 
36094 
1407 
1414 
1410 
1399 
1407 
1409 
1421 
1402 
1426 
1418 
1153 
1109 
824 
797 
826 
802 
810 
808 
822 
795 
808 
795 
819 
764 
785 
810 
847 
801 
780 
788 
856 
1092 
1413 
1409 
1406 
1411 
1422 
1409 
1410 
1414 
1416 
1439 
1437 
1405 
1421 
1434 
1422 
1436 
1431 
1425 
1424 
1442 
1410 
1428 
1425 
1406 
1436 
1404 
1438 
1429 
1430 
1424 
1418 
1412 
1420 
1438 
1439 
1405 
1407 
1413 
1420 
1437 
1418 
1408 
1405 
1431 
1420 
1428 
1425 
1442 
1428 
1423 
1436 
1434 
1414 
1445 
1416 
1442 
1401 
1434 
1428 
1401 
1451 
1411 
1437 
1419 
1413 
1431 
1432 
1441 
1431 
1436 
1411 
1418 
1450 
1403 
1428 
1445 
1412 
1444 
1409 
1402 
1415 
1405 
1425 
1428 
1434 
1421 
1448 
1398 
1457 
1422 
1410 
1431 
1420 
1424 
1418 
1420 
1425 
1426 
1419 
1423 
1403 
1430 
1407 
1405 
1412 
1444 
1440 
1442 
1425 
1432 
1438 
1446 
1436 
1403 
1417 
1441 
1417 
1416 
1423 
1435 
1412 
1405 
1409 
1434 
1433 
1445 
1418 
1427 
1427 
1418 
1438 
1439 
1405 
1436 
1447 
1423 
1402 
1401 
1447 
1442 
1396 
1426 
1428 
1416 
1430 
1420 
1435 
1409 
1420 
1418 
1422 
1422 
1424 
1416 
1409 
1412 
1418 
1447 
1403 
1417 
1396 
1444 
1420 
1417 
1415 
1430 
1445 
1427 
1406 
1425 
1423 
1428 
1441 
1402 
1455 
1420 
1410 
1435 
1407 
1420 
1456 
1411 
1439 
1424 
1409 
1416 
1439 
1420 
1436 
1422 
1430 
1403 
1421 
1429 
1418 
1419 
1401 
1419 
1412 
1431 
1449 
1444 
1418 
1440 
1423 
1408 
1426 
1428 
1431 
1405 
1399 
1420 
1431 
1434 
1421 
1443 
1418 
1438 
1421 
1439 
1404 
1431 
1442 
1427 
1436 
1453 
1425 
1413 
1436 
1450 
1411 
1418 
1411 
1453 
1424 
1418 
1419 
1441 
1427 
1418 
1434 
1421 
1414 
1421 
1428 
1410 
1412 
1440 
1434 
1427 
1429 
1417 
1419 
1424 
1424 
1436 
1416 
1408 
1442 
1447 
1412 
1400 
1456 
1420 
1445 
1400 
1439 
1418 
1406 
1413 
1413 
1438 
1429 
1405 
1408 
1426 
1413 
1450 
1436 
1439 
1450 
1421 
1440 
1438 
1418 
1452 
1440 
1409 
1413 
1415 
1412 
1424 
1423 
1419 
1439 
1424 
1409 
1433 
1423 
1437 
1434 
1431 
1430 
1448 
1401 
1452 
1454 
1429 
1450 
1434 
1417 
1436 
1416 
1444 
1413 
1453 
1413 
1421 
1413 
1414 
1439 
1410 
1408 
1430 
1434 
1410 
1422 
1413 
1455 
1426 
1430 
1429 
1436 
1421 
1420 
1427 
1441 
1455 
1435 
1413 
1434 
1406 
1438 
1420 
1428 
1420 
1431 
1414 
1408 
1404 
1421 
1429 
1444 
1422 
1410 
1423 
1429 
1445 
1415 
1426 
1408 
1408 
1450 
1429 
1418 
1412 
1401 
1428 
1420 
1432 
1437 
1428 
1407 
1413 
1433 
1419 
1428 
1439 
1409 
1431 
1443 
1428 
1413 
1419 
1421 
1434 
1437 
1431 
1413 
1457 
22782 
1399 
1370 
1369 
1377 
1363 
1407 
1392 
1394 
1392 
1388 
1393 
1381 
1388 
1378 
1383 
1169 
1048 
1114 
992 
1020 
1131 
1115 
1373 
994 
1128 
1412 
1391 
1381 
1387 
1394 
1389 
1368 
1391 
1370 
1393 
1393 
1389 
1381 
1400 
1407 
1388 
1409 
1401 
1385 
1397 
1396 
1378 
1382 
1398 
1404 
1404 
1388 
1402 
1397 
1389 
1414 
1393 
1395 
1404 
1413 
1381 
1412 
1412 
1398 
1168 
1065 
1106 
1141 
1069 
1103 
1050 
1123 
997 
1159 
1171 
1050 
1143 
1118 
1120 
1163 
1056 
1008 
1130 
1165 
1142 
1160 
1157 
1109 
1046 
1124 
1162 
1082 
1147 
1150 
1075 
951 
1145 
1138 
1221 
1034 
1152 
977 
1189 
1143 
1132 
1077 
988 
1138 
1063 
1040 
1017 
1150 
999 
997 
1078 
990 
1133 
1069 
1159 
1035 
983 
1084 
974 
1116 
988 
1174 
1102 
1132 
1123 
850 
1090 
1143 
1145 
1076 
1105 
1133 
1117 
1143 
1173 
1018 
1044 
1106 
1128 
1137 
1018 
1066 
1126 
1177 
1039 
1119 
1164 
1067 
1097 
1164 
1106 
1114 
1132 
1077 
1163 
1113 
982 
1395 
1404 
1430 
1416 
1414 
1418 
1418 
1399 
1418 
1391 
1416 
1420 
1416 
1422 
1403 
1414 
1425 
1413 
1410 
1392 
1410 
1421 
1416 
1401 
1404 
1412 
1416 
1387 
1399 
1396 
1399 
1416 
1411 
1400 
1413 
1402 
1402 
1401 
1413 
1405 
1409 
1409 
1424 
1409 
1412 
1418 
1424 
1408 
1387 
1416 
1415 
1402 
1434 
1395 
1384 
1398 
1422 
1405 
1428 
1419 
1421 
1406 
1401 
1399 
1413 
1421 
1393 
1415 
1439 
1400 
1412 
1390 
1385 
1412 
1407 
1415 
1420 
1399 
1406 
1432 
1409 
1414 
1410 
1414 
1393 
1432 
1444 
1391 
1406 
1395 
1418 
1413 
1413 
1426 
1387 
1408 
1407 
1423 
1401 
1416 
1413 
1429 
1423 
1398 
1390 
1424 
1410 
1405 
1408 
1399 
1421 
1413 
1414 
1422 
1403 
1421 
1391 
1408 
1412 
1426 
1404 
1402 
1427 
1428 
1407 
1406 
1421 
1438 
1432 
1396 
1400 
1426 
1423 
1393 
1404 
1408 
1415 
1405 
1398 
1401 
1420 
1391 
1395 
1392 
1421 
1438 
1415 
1424 
1427 
1407 
1419 
1387 
1405 
1413 
1410 
1413 
1411 
1409 
1396 
1412 
1425 
1418 
1407 
1422 
1438 
1420 
1407 
1436 
1430 
1401 
1406 
1428 
1427 
1398 
1384 
1412 
1404 
1409 
1431 
1395 
1416 
1409 
1416 
1413 
1419 
1409 
1415 
1404 
1415 
1400 
1445 
1422 
1412 
1437 
1419 
1429 
1407 
1409 
1417 
1413 
1418 
1430 
1414 
1405 
1445 
1414 
1408 
1427 
1429 
1420 
1413 
1429 
1404 
1432 
1411 
1444 
1420 
1422 
1069 
1054 
1081 
1034 
1122 
1100 
1032 
1418 
1419 
1395 
1410 
1425 
1406 
1396 
1413 
1411 
1460 
1427 
1488 
1453 
1455 
1431 
1454 
1434 
1450 
1444 
1462 
1465 
1485 
1489 
1460 
1481 
1423 
1491 
1460 
1448 
13566 
1706 
1613 
1587 
1582 
1605 
1591 
1582 
1617 
1592 
1621 
1600 
1604 
1597 
1616 
1591 
1632 
1629 
1615 
1611 
1607 
1593 
1590 
1600 
1612 
1611 
1596 
1607 
1624 
1590 
1613 
1624 
1601 
1597 
1606 
1606 
1619 
1600 
1613 
1605 
1615 
1601 
1594 
1602 
1586 
1626 
1623 
1592 
1612 
1598 
1602 
1603 
1583 
1617 
1628 
1610 
1617 
1611 
1600 
1599 
1610 
1600 
1612 
1608 
1610 
1609 
1641 
1614 
1597 
1606 
1640 
1606 
1620 
1632 
1633 
1633 
1604 
1582 
1603 
1612 
1586 
1610 
1592 
1596 
1607 
1624 
1619 
1632 
1586 
1609 
1613 
1621 
1595 
1607 
1632 
1600 
1595 
1591 
1605 
1610 
1606 
1595 
1620 
1613 
1637 
1597 
1629 
1606 
1629 
1607 
1605 
1607 
1608 
1624 
1591 
1598 
1612 
1637 
1626 
1621 
1621 
1614 
1609 
1595 
1626 
1617 
1595 
1621 
1608 
1620 
1600 
1617 
1604 
1596 
1591 
1632 
1629 
1608 
1621 
1610 
1630 
1624 
1587 
20734 
2901 
2908 
2902 
2888 
2912 
2911 
2922 
2900 
2908 
2903 
2898 
2904 
2904 
2910 
2914 
2897 
2900 
2898 
2882 
2906 
2908 
2886 
2888 
2894 
2903 
2904 
2883 
2887 
2904 
2903 
2901 
2907 
2906 
2904 
2887 
2897 
2882 
2902 
2909 
2893 
2892 
2896 
2912 
2917 
2893 
2906 
2893 
2885 
2894 
2888 
2904 
2908 
2892 
2899 
2913 
2911 
2910 
2903 
2910 
2910 
2892 
2897 
2911 
2899 
2906 
2892 
2906 
2888 
2912 
2889 
2903 
2901 
2914 
2887 
2904 
2897 
2911 
2911 
2898 
2903 
2906 
2907 
2814 
2588 
2590 
2576 
2577 
2583 
2584 
2587 
2589 
2584 
2577 
2596 
2574 
2593 
2591 
2592 
2592 
2583 
2602 
2577 
2578 
2578 
2576 
2599 
2586 
2586 
2583 
2582 
2597 
2574 
2577 
2587 
2578 
2571 
2588 
2578 
2579 
2590 
2574 
2577 
2593 
2576 
2592 
2588 
2597 
2584 
2593 
2592 
2585 
2583 
2574 
2596 
2578 
2584 
2585 
2580 
2584 
2590 
2584 
2575 
2588 
2581 
2574 
2596 
2586 
2588 
2599 
2598 
2576 
2596 
2593 
2592 
2583 
2589 
29694 
1428 
1422 
1426 
1431 
1431 
1418 
1422 
1452 
1418 
1395 
1417 
1442 
1418 
1416 
1438 
1412 
1444 
1426 
1437 
1453 
1431 
1409 
1417 
1438 
1424 
1411 
1408 
1411 
1415 
1442 
1424 
1434 
1424 
1448 
1437 
1418 
1409 
1438 
1413 
1417 
1411 
1426 
1438 
1444 
1424 
1420 
1407 
1443 
1418 
1410 
1421 
1438 
1416 
1441 
1409 
1424 
1442 
1419 
1425 
1416 
1433 
1405 
1435 
1425 
1419 
1429 
1420 
1423 
1433 
1418 
1407 
1447 
1415 
1418 
1429 
1452 
1425 
1442 
1438 
1424 
1430 
1424 
1425 
1424 
1436 
1427 
1426 
1428 
1442 
1444 
1438 
1429 
1445 
1427 
1422 
1422 
1400 
1428 
1434 
1451 
1431 
1432 
1424 
1430 
1416 
1422 
1438 
1430 
1434 
1413 
1403 
1436 
1418 
1425 
1435 
1428 
1421 
1441 
1405 
1426 
1438 
1410 
1410 
1424 
1441 
1434 
1446 
1412 
1417 
1434 
1446 
1413 
1436 
1430 
1453 
1403 
1442 
1418 
1414 
1432 
1434 
1438 
1412 
1432 
1413 
1426 
1456 
1411 
1431 
1431 
1445 
1439 
1446 
1412 
1448 
1453 
1432 
1439 
1426 
1436 
1418 
1431 
1441 
1423 
1444 
1424 
1435 
1440 
1443 
1429 
1439 
1454 
1447 
1438 
1414 
1419 
1428 
1431 
1440 
1460 
1440 
1418 
1411 
1423 
1430 
1433 
1430 
1439 
1423 
1454 
1456 
1417 
1432 
1432 
1433 
1434 
1451 
1436 
1431 
1430 
1437 
1418 
1442 
1441 
1412 
1418 
1417 
1452 
1430 
1412 
1419 
1450 
1418 
1411 
1409 
1449 
1428 
1437 
1411 
1441 
1422 
1420 
1425 
1421 
1442 
1418 
1400 
1427 
1423 
1419 
1435 
1436 
1445 
1407 
1431 
1432 
1410 
1429 
1421 
1413 
1433 
1435 
1418 
1431 
1425 
1415 
1418 
1425 
1409 
1432 
1419 
1450 
1458 
1413 
1409 
1435 
1436 
1445 
1399 
1443 
1431 
1431 
1429 
1421 
1448 
1430 
1431 
1447 
1426 
1415 
1427 
1450 
1446 
1453 
1429 
1422 
1432 
1420 
1415 
1419 
1415 
1446 
1412 
1445 
1419 
1431 
1425 
1432 
1432 
1436 
1422 
1422 
1442 
1437 
1411 
1433 
1415 
1449 
1414 
1426 
1427 
1449 
1430 
1418 
1423 
1437 
1420 
1426 
1444 
1452 
1451 
1403 
1415 
1436 
1437 
1437 
1426 
1433 
1415 
1433 
1452 
1422 
1407 
1427 
1417 
1415 
1438 
1430 
1426 
1440 
1431 
1425 
1435 
1413 
1425 
1415 
1445 
1448 
1442 
1415 
1450 
1442 
1420 
1422 
1418 
1414 
1441 
1408 
1403 
1441 
1436 
1433 
1453 
1437 
1425 
1433 
1429 
1434 
1405 
1405 
1425 
1441 
1447 
1414 
1421 
1429 
12798 
1331 
1334 
1358 
1348 
1350 
1360 
1353 
1363 
1340 
1366 
1373 
1360 
1343 
1369 
1349 
1346 
1356 
1352 
1355 
1370 
1343 
1352 
1379 
1353 
1360 
1355 
1354 
1347 
1366 
1373 
1358 
1352 
1355 
1356 
1357 
1376 
1381 
1341 
1366 
1373 
1351 
1366 
1381 
1380 
1368 
1362 
1361 
1361 
1356 
1354 
1384 
1361 
1370 
1368 
1355 
1369 
1354 
1379 
1357 
1384 
1377 
1358 
1360 
1370 
1363 
1378 
1378 
1338 
1366 
1372 
1359 
1374 
1366 
1385 
1356 
1352 
1368 
1361 
1351 
1355 
1363 
1355 
1386 
1364 
1354 
1382 
1378 
1367 
1372 
1356 
1377 
1367 
1359 
1354 
1390 
1375 
1366 
1364 
954 
1019 
1077 
1058 
1156 
978 
1041 
1145 
1102 
1175 
1183 
1083 
1062 
800 
1131 
1063 
1124 
1128 
1109 
1152 
1141 
1078 
1099 
1118 
1108 
1101 
1148 
1066 
950 
1024 
1103 
998 
1136 
1018 
1130 
1117 
1051 
1067 
1061 
1123 
1050 
1114 
1143 
1078 
1099 
1119 
1119 
953 
1089 
1131 
1164 
1153 
962 
791 
1150 
1150 
1085 
1118 
1024 
1110 
1121 
952 
1029 
1077 
1133 
1386 
1370 
1367 
1362 
1373 
1398 
1396 
1367 
1389 
1385 
1380 
1386 
1382 
1387 
1368 
1382 
1375 
1377 
1395 
1391 
1355 
1351 
1397 
1380 
1393 
1391 
1361 
1381 
1390 
1363 
1396 
1392 
1388 
1365 
1382 
1367 
1366 
1396 
1367 
1373 
1374 
1367 
1386 
1373 
1395 
1396 
1384 
1390 
1391 
1381 
1378 
1386 
1383 
1388 
1385 
1393 
1386 
1384 
1376 
1404 
1362 
1399 
1355 
1365 
1412 
1371 
1396 
1377 
1392 
1366 
1408 
1371 
1362 
1370 
1404 
1378 
1367 
1384 
1396 
1374 
1374 
1391 
1396 
1381 
1392 
1412 
1367 
1383 
1377 
1369 
1399 
1355 
1383 
1366 
1383 
1397 
1361 
1396 
1373 
1382 
1391 
1381 
1371 
1370 
1389 
1369 
1361 
1385 
1387 
1390 
1405 
1355 
1389 
1362 
1390 
1374 
1371 
1367 
1362 
1373 
1393 
1375 
1134 
1122 
1042 
1109 
1020 
1067 
806 
791 
791 
777 
781 
805 
774 
804 
774 
757 
791 
785 
791 
830 
759 
791 
805 
763 
822 
769 
820 
790 
767 
826 
856 
774 
765 
794 
824 
767 
786 
797 
808 
775 
756 
780 
766 
835 
751 
829 
791 
788 
766 
803 
753 
774 
831 
761 
834 
846 
773 
784 
773 
803 
794 
840 
802 
776 
782 
812 
799 
790 
767 
773 
859 
785 
784 
771 
785 
769 
775 
854 
763 
778 
749 
826 
812 
783 
830 
786 
771 
852 
773 
799 
753 
782 
787 
793 
806 
783 
820 
751 
799 
764 
813 
839 
818 
829 
767 
783 
769 
793 
775 
827 
784 
764 
826 
829 
767 
780 
826 
784 
797 
778 
797 
763 
846 
783 
798 
799 
774 
765 
778 
785 
787 
789 
830 
767 
804 
759 
759 
796 
842 
770 
819 
824 
785 
562 
790 
815 
764 
799 
810 
815 
785 
776 
855 
799 
787 
826 
798 
840 
780 
800 
804 
821 
834 
791 
805 
794 
818 
780 
788 
753 
814 
762 
764 
789 
806 
812 
789 
772 
771 
758 
841 
787 
798 
757 
775 
790 
775 
545 
786 
767 
809 
793 
822 
795 
814 
802 
799 
812 
8294 
0 
0 
0 
0 
0 
1303 
1309 
1334 
1319 
1316 
1300 
1322 
1328 
1334 
1313 
1314 
1321 
1327 
1319 
1326 
1317 
1311 
1328 
1308 
1319 
1315 
1309 
1338 
1316 
1338 
1346 
1339 
1312 
1324 
1330 
1325 
1322 
1315 
1325 
1031 
981 
1045 
1019 
1029 
1053 
985 
1031 
1091 
1020 
1010 
1030 
1058 
1317 
1342 
1313 
1340 
1338 
1320 
1328 
1326 
1336 
1323 
1342 
1322 
1346 
1336 
1338 
1338 
1320 
1021 
1088 
756 
745 
739 
725 
753 
693 
708 
709 
707 
703 
712 
724 
748 
713 
756 
691 
728 
731 
723 
705 
738 
716 
752 
802 
728 
710 
708 
742 
720 
764 
706 
718 
721 
717 
771 
722 
717 
720 
741 
735 
741 
707 
728 
720 
780 
729 
734 
719 
695 
696 
719 
715 
707 
709 
752 
729 
701 
749 
746 
711 
705 
727 
739 
701 
704 
714 
713 
715 
789 
731 
695 
722 
769 
730 
728 
713 
705 
711 
744 
726 
723 
705 
739 
710 
719 
744 
702 
706 
709 
774 
769 
770 
728 
702 
733 
722 
727 
748 
693 
738 
714 
723 
720 
719 
716 
749 
721 
722 
721 
695 
774 
732 
734 
759 
701 
752 
745 
740 
723 
704 
719 
726 
707 
716 
712 
723 
728 
740 
697 
748 
718 
701 
703 
731 
724 
741 
723 
697 
704 
746 
750 
701 
733 
695 
770 
763 
741 
705 
701 
786 
722 
730 
732 
728 
719 
780 
722 
721 
749 
747 
697 
751 
790 
719 
750 
769 
735 
719 
714 
768 
762 
715 
705 
711 
740 
713 
743 
738 
725 
759 
744 
738 
730 
705 
726 
752 
726 
735 
709 
749 
723 
755 
786 
760 
752 
745 
713 
717 
705 
721 
738 
726 
756 
709 
735 
726 
753 
768 
747 
729 
728 
709 
730 
726 
734 
697 
717 
761 
751 
746 
715 
691 
725 
761 
768 
724 
713 
702 
744 
756 
713 
703 
713 
723 
721 
724 
709 
723 
711 
729 
718 
723 
705 
761 
739 
713 
773 
713 
712 
1085 
1344 
1333 
1340 
1347 
1338 
1360 
1344 
1336 
1333 
1335 
1351 
1362 
1329 
1322 
1344 
1360 
1333 
1321 
1343 
1332 
1348 
1335 
1332 
1363 
1341 
1334 
1323 
1358 
1344 
1330 
1326 
1338 
1355 
1329 
1364 
1354 
1318 
1350 
1351 
1341 
1338 
1369 
1360 
1335 
1320 
1330 
1331 
1362 
1339 
60926 
750 
797 
796 
746 
774 
771 
812 
751 
778 
775 
813 
784 
792 
786 
817 
783 
757 
777 
752 
777 
786 
764 
816 
763 
761 
766 
768 
796 
769 
814 
751 
817 
759 
792 
843 
774 
751 
775 
836 
811 
765 
795 
775 
792 
786 
802 
799 
813 
779 
782 
784 
776 
780 
1099 
1102 
1036 
984 
1063 
1143 
1079 
1068 
1143 
1102 
1136 
1120 
992 
1120 
1081 
1073 
980 
1126 
968 
1026 
1156 
959 
1087 
1140 
1102 
1036 
1089 
1121 
1047 
1135 
1077 
941 
1136 
986 
1120 
1143 
1102 
1059 
1115 
1130 
970 
1117 
1132 
1164 
1119 
1018 
1097 
1067 
1162 
1133 
1018 
1074 
1089 
1076 
1142 
1085 
966 
1040 
1105 
1142 
1115 
940 
1099 
1144 
1121 
1143 
1131 
1003 
994 
1149 
1029 
1095 
1055 
1112 
992 
1100 
990 
1096 
1053 
1168 
1036 
1066 
1060 
1148 
1070 
1146 
1124 
1129 
1361 
1346 
1348 
1362 
1362 
1335 
1354 
1372 
1367 
1057 
1052 
1097 
1156 
1040 
1061 
966 
1053 
1101 
1079 
1132 
1101 
1152 
1171 
1121 
1036 
1093 
1132 
1130 
1101 
1153 
1158 
1044 
1131 
992 
944 
1026 
1144 
1104 
1083 
1139 
1124 
1114 
1054 
1159 
1050 
1045 
1170 
1002 
1131 
1147 
1064 
1122 
1135 
1073 
1047 
1120 
953 
1131 
1052 
1048 
970 
1032 
1062 
1130 
1044 
1058 
1172 
1126 
1154 
1117 
1178 
1057 
1025 
1002 
1104 
1113 
1146 
1131 
1125 
1138 
1135 
1052 
1178 
1064 
984 
952 
977 
1051 
1021 
989 
1125 
1144 
1138 
955 
1162 
1156 
1105 
1161 
1133 
1152 
1072 
1105 
944 
999 
1048 
993 
1108 
1006 
1137 
949 
1158 
1168 
1125 
1051 
1004 
990 
1137 
1154 
989 
1158 
1148 
1109 
956 
1123 
1114 
802 
780 
766 
841 
1023 
767 
826 
762 
789 
785 
760 
769 
1130 
1033 
1093 
1131 
1125 
1137 
1036 
1162 
1137 
1167 
1123 
958 
1152 
1118 
1116 
1158 
1122 
973 
1074 
1106 
1153 
1160 
1109 
1128 
1107 
1032 
1101 
1126 
1138 
961 
1040 
1113 
1152 
1143 
1144 
1019 
950 
1073 
1040 
1152 
1109 
1103 
1149 
1111 
1111 
1136 
1143 
963 
1086 
1160 
982 
1071 
1054 
1058 
1089 
1068 
1132 
1121 
1359 
1361 
1378 
1355 
1372 
1380 
1383 
1355 
1175 
1048 
1110 
1160 
533 
770 
816 
791 
759 
761 
751 
777 
824 
785 
795 
780 
761 
778 
824 
773 
818 
800 
790 
811 
771 
835 
782 
772 
803 
780 
826 
772 
808 
833 
805 
790 
780 
803 
755 
776 
824 
793 
783 
822 
777 
802 
781 
766 
839 
802 
838 
776 
792 
767 
810 
785 
770 
776 
772 
792 
779 
790 
792 
775 
786 
790 
769 
792 
812 
791 
770 
822 
802 
821 
776 
797 
765 
799 
779 
754 
827 
787 
782 
765 
808 
765 
796 
778 
793 
787 
761 
778 
824 
800 
873 
778 
798 
788 
812 
834 
787 
775 
800 
808 
810 
772 
816 
793 
784 
785 
779 
785 
766 
787 
774 
816 
809 
787 
774 
804 
851 
810 
813 
8247 
773 
795 
775 
761 
768 
812 
826 
777 
779 
765 
822 
767 
795 
775 
765 
791 
792 
843 
771 
783 
814 
772 
822 
775 
781 
775 
832 
779 
777 
812 
787 
830 
807 
783 
781 
810 
837 
780 
774 
765 
781 
822 
826 
796 
813 
775 
792 
791 
775 
775 
793 
775 
787 
805 
764 
770 
769 
817 
829 
758 
771 
778 
777 
768 
802 
800 
787 
773 
789 
801 
807 
775 
773 
777 
777 
779 
787 
773 
835 
760 
791 
791 
806 
793 
808 
777 
790 
822 
816 
796 
809 
792 
791 
802 
765 
785 
765 
824 
773 
778 
751 
771 
775 
775 
763 
838 
792 
792 
793 
773 
775 
770 
793 
800 
798 
788 
810 
765 
65009 
775 
839 
767 
779 
808 
782 
829 
774 
773 
1069 
1040 
984 
1165 
1188 
960 
827 
1120 
1148 
962 
1089 
1079 
966 
1178 
1126 
1002 
1072 
1152 
961 
1091 
1111 
1084 
1125 
988 
1111 
1159 
1089 
1147 
1036 
1043 
1129 
1114 
1144 
1145 
1128 
1136 
1051 
1161 
1075 
1138 
1063 
1133 
967 
1129 
1098 
1080 
1128 
1105 
1111 
1022 
1147 
1029 
987 
1079 
1128 
1078 
1076 
1127 
1096 
1106 
1044 
1123 
24576 
1107 
1058 
1096 
1087 
1123 
1145 
1156 
1170 
1138 
953 
991 
1094 
1101 
1024 
983 
1147 
1145 
1122 
1162 
1089 
1150 
1153 
1143 
1044 
1098 
1180 
1036 
1184 
1006 
1070 
1066 
1107 
1042 
1090 
1136 
1064 
1033 
1137 
20992 
1149 
1080 
1073 
1149 
1066 
1159 
1067 
1088 
1122 
1139 
1041 
1073 
1098 
1158 
1088 
1129 
1172 
1040 
1093 
1121 
1110 
1164 
33280 
1115 
1028 
1115 
1152 
1102 
1153 
1095 
1029 
1113 
1144 
1139 
1052 
1030 
1028 
1108 
1041 
1109 
1117 
1053 
1084 
939 
1011 
1134 
1139 
1054 
1152 
1016 
1139 
1073 
1037 
1181 
1032 
1136 
1028 
1176 
1123 
1084 
1123 
1110 
1046 
1145 
1046 
951 
977 
1130 
1139 
947 
1104 
1057 
1079 
1178 
1058 
1098 
1036 
1111 
1153 
965 
1034 
1138 
1122 
1100 
1096 
1134 
976 
1043 
962 
1127 
1042 
1132 
1016 
1117 
1163 
1125 
1122 
944 
1040 
1128 
1144 
1158 
1071 
1159 
1038 
1060 
1111 
1041 
1107 
957 
1116 
768 
1029 
1063 
1133 
1014 
990 
1160 
1158 
1135 
34816 
1145 
1052 
1111 
1138 
1123 
1162 
1173 
1138 
1112 
1107 
1033 
1047 
1034 
1108 
1119 
1153 
1141 
1152 
1065 
1147 
1098 
1099 
944 
1156 
1108 
1137 
1060 
1026 
1159 
978 
1068 
1138 
1118 
1073 
1063 
1052 
1093 
1074 
1121 
1134 
1118 
1127 
1050 
1134 
1045 
1149 
969 
1102 
1105 
1160 
969 
1052 
1066 
1137 
1089 
1037 
1092 
1123 
1073 
1143 
1058 
1016 
1127 
17920 
4386 
994 
1058 
1154 
1119 
1059 
1123 
1046 
963 
1170 
1022 
1019 
1003 
1113 
1070 
1112 
1134 
1117 
1105 
1136 
1112 
1063 
1079 
1069 
1160 
1155 
14848 
1158 
1077 
1100 
1136 
1066 
1133 
1131 
1062 
1038 
1163 
1114 
1082 
1031 
1065 
1143 
1253 
1082 
985 
1046 
1064 
1073 
1171 
1073 
972 
1129 
1128 
1038 
963 
1063 
1053 
1094 
1048 
7680 
1114 
1140 
1118 
1079 
1132 
1102 
1152 
1078 
1033 
1133 
1144 
1107 
1120 
1153 
1094 
1071 
1098 
1007 
1115 
986 
1077 
1051 
1156 
1040 
1155 
1123 
1142 
1048 
1097 
1105 
977 
1114 
1045 
1114 
1095 
1108 
1146 
1084 
1143 
1050 
975 
991 
1149 
1032 
1092 
1121 
1123 
1146 
1160 
1067 
1098 
1166 
984 
1371 
1397 
1365 
1376 
1378 
1355 
1387 
1002 
1180 
1144 
1141 
1127 
1122 
1039 
1104 
1103 
1048 
1121 
1152 
1056 
1115 
1095 
1123 
1144 
1129 
1149 
1088 
1100 
1044 
1120 
1051 
1390 
1155 
1055 
1000 
1399 
1398 
1394 
1397 
1405 
1397 
1375 
1367 
1374 
1381 
1386 
1396 
1375 
1383 
1394 
1391 
1394 
1382 
1367 
1399 
1384 
1372 
1402 
1367 
1401 
1404 
1380 
1370 
1402 
1384 
1379 
1380 
1376 
1374 
1365 
1403 
1370 
1103 
1128 
1130 
1159 
965 
1103 
1026 
1099 
994 
959 
1147 
971 
1083 
1148 
1149 
1111 
1159 
983 
1099 
1018 
1112 
1141 
1160 
1119 
979 
1141 
1010 
1106 
976 
1065 
1152 
1050 
1091 
1050 
1011 
1128 
1068 
1048 
1159 
1145 
1021 
1395 
1372 
1358 
1391 
1356 
1109 
1112 
973 
1407 
1393 
1382 
1400 
1401 
1406 
1403 
1417 
1425 
1404 
1376 
1394 
1365 
1404 
1370 
1369 
1375 
1393 
1383 
1396 
1409 
1387 
1408 
1405 
1402 
1395 
1407 
1150 
1123 
1388 
1367 
944 
1014 
1057 
1040 
1146 
1131 
958 
1134 
1082 
1099 
1012 
1065 
1115 
1102 
61459 
1159 
977 
1049 
1113 
1149 
983 
1057 
1188 
994 
1161 
1146 
1138 
1116 
1129 
1085 
1077 
1063 
1090 
1121 
1037 
1135 
1032 
1102 
1084 
1097 
1040 
1143 
1038 
1031 
969 
1007 
1047 
1054 
1108 
1160 
8979 
1132 
1062 
1108 
1122 
1134 
1162 
1047 
1092 
1057 
1029 
1053 
1135 
1106 
1183 
997 
1120 
1148 
1034 
1069 
1104 
1095 
1132 
1157 
1143 
1134 
1039 
1022 
1051 
1048 
1141 
980 
5147 
4386 
1162 
1103 
1094 
1088 
1062 
1047 
1084 
1163 
1106 
975 
1012 
1116 
1154 
1030 
1114 
1132 
1174 
1149 
1017 
982 
1049 
1139 
1141 
1137 
2587 
1185 
1102 
1159 
961 
1101 
1109 
1131 
1122 
1166 
1142 
1147 
1060 
39963 
4386 
1093 
1009 
1136 
1142 
976 
1121 
986 
994 
1140 
973 
1123 
1127 
1098 
1172 
959 
1121 
16411 
1131 
1123 
1155 
1063 
1094 
1062 
1095 
1115 
1128 
1088 
1139 
985 
965 
1014 
1089 
968 
1112 
1041 
974 
1098 
1072 
1077 
1252 
1117 
987 
1106 
1114 
1049 
945 
1056 
1158 
22811 
1108 
1134 
38147 
1146 
1165 
1145 
1162 
1139 
1084 
958 
1030 
1063 
1163 
1113 
1105 
1016 
1148 
1053 
1129 
1029 
1103 
1068 
1121 
1134 
1058 
1088 
1121 
1087 
1067 
1118 
1177 
1123 
1017 
999 
1095 
1162 
982 
1057 
26139 
1145 
1136 
1039 
1056 
1046 
1032 
1131 
1138 
1144 
1138 
1158 
999 
1136 
1137 
1052 
1112 
1133 
1084 
1053 
1082 
1136 
1109 
1104 
1062 
1097 
1152 
1038 
969 
1059 
812 
1094 
1081 
1168 
1051 
1128 
998 
1114 
1147 
1059 
992 
1120 
1142 
1140 
1101 
1129 
1144 
1047 
1071 
1042 
1143 
1126 
1118 
1035 
1114 
1131 
1017 
1122 
991 
1189 
1013 
1020 
1121 
1020 
1141 
1160 
1131 
1145 
1060 
1095 
1122 
1095 
1042 
1136 
977 
1084 
1129 
1142 
1044 
992 
1117 
1114 
1048 
1071 
1178 
1093 
1128 
1137 
1060 
1123 
1123 
1172 
1068 
1118 
1088 
1104 
1038 
997 
984 
995 
1038 
1128 
1095 
1102 
1052 
1176 
1097 
1166 
1107 
1112 
1080 
1139 
1132 
992 
1032 
1136 
1150 
1108 
1100 
1117 
1143 
1131 
1122 
947 
941 
999 
1131 
1068 
1125 
945 
1060 
1160 
1122 
1081 
1180 
1162 
1132 
1178 
1152 
1056 
1112 
1128 
1106 
1104 
1037 
1119 
979 
1095 
1061 
1139 
1144 
1146 
1142 
1133 
1175 
1001 
1116 
1019 
1127 
1119 
977 
1130 
1046 
1148 
1154 
1021 
1241 
1139 
1160 
1047 
1152 
1122 
1018 
1144 
1154 
1018 
1002 
1071 
1143 
1152 
972 
1120 
1042 
1085 
973 
1152 
1142 
1050 
1160 
1117 
1026 
1054 
1152 
1139 
1137 
1153 
1181 
1057 
966 
977 
1035 
1132 
1145 
1013 
988 
1095 
1038 
1090 
1139 
1083 
1071 
977 
1122 
1013 
943 
1093 
1126 
1121 
1056 
1050 
1141 
1012 
1012 
1131 
1084 
1164 
1134 
1060 
1130 
1116 
1053 
1097 
1131 
1117 
1144 
1155 
1150 
1141 
1064 
1146 
1122 
1066 
1006 
1147 
1160 
1102 
1004 
1114 
1042 
1100 
1025 
1068 
1118 
1143 
1122 
1059 
1028 
1030 
957 
1024 
1155 
5659 
1095 
1109 
1173 
1089 
1032 
1038 
911 
1167 
1103 
1166 
1073 
1127 
1110 
1154 
1130 
1105 
1158 
1153 
949 
1072 
1012 
1142 
1004 
1007 
975 
1091 
1129 
1158 
1183 
1092 
1035 
1156 
1113 
1046 
1140 
1051 
1071 
1143 
1140 
1118 
1152 
984 
1132 
1040 
1148 
1089 
1106 
1160 
1140 
1154 
1088 
1032 
973 
1130 
1136 
1106 
1099 
1126 
1108 
1125 
1040 
1142 
1095 
1153 
1166 
1153 
1054 
1161 
1140 
1162 
1045 
1019 
1133 
1180 
1128 
1159 
1065 
1005 
941 
1123 
1126 
1139 
1091 
886 
998 
1153 
1097 
1134 
1178 
1145 
1142 
1147 
1119 
1133 
1024 
1091 
1153 
1060 
1098 
1133 
1156 
1134 
1084 
1156 
1156 
1043 
1103 
1033 
961 
1073 
961 
1130 
1099 
1097 
1114 
16401 
1102 
1028 
1062 
1103 
1164 
1090 
1129 
1141 
1133 
1004 
1058 
1112 
1105 
1165 
1061 
1097 
969 
1139 
1114 
1140 
1108 
1097 
1122 
1114 
1143 
1031 
883 
1109 
1119 
978 
1102 
1090 
1117 
1088 
1155 
1059 
1066 
1126 
1054 
951 
1116 
1115 
1065 
1158 
1122 
1056 
1056 
1083 
1127 
1148 
1099 
1049 
1143 
1069 
1127 
986 
1004 
1055 
1158 
1139 
1095 
1102 
1142 
1143 
1090 
1103 
871 
1148 
989 
1048 
1055 
1092 
960 
1158 
1160 
1048 
1142 
1154 
1107 
1107 
1027 
1091 
27648 
1016 
1090 
1088 
1127 
962 
1087 
1219 
1137 
1161 
1046 
1122 
1002 
1143 
1143 
1123 
823 
1149 
1084 
1167 
1131 
959 
1137 
1150 
1103 
1112 
1145 
1117 
970 
1042 
1053 
1155 
1099 
1099 
1103 
1133 
1002 
976 
1133 
1044 
1172 
1012 
1099 
1071 
1140 
1053 
980 
1104 
1051 
1050 
1123 
1109 
1120 
1127 
1118 
1093 
1136 
1111 
1008 
949 
1152 
973 
1037 
1150 
1164 
1177 
1077 
966 
1084 
988 
1052 
62720 
1245 
1169 
1003 
1170 
1058 
1792 
1075 
994 
1128 
969 
1053 
1135 
1098 
1121 
1139 
1133 
1135 
1059 
993 
974 
1162 
974 
1099 
1088 
1046 
1111 
982 
1064 
1018 
1129 
1133 
5888 
1139 
1116 
1041 
1152 
1158 
1078 
1005 
981 
1144 
1085 
1131 
1107 
1113 
1090 
1089 
1058 
1019 
1027 
994 
1119 
1044 
1023 
1131 
1121 
1072 
1253 
1143 
1035 
1130 
1044 
1147 
1048 
1112 
1036 
1094 
1111 
1134 
1147 
1149 
1127 
1025 
1098 
965 
1157 
990 
1057 
1119 
973 
1123 
1042 
1030 
1146 
1005 
1135 
1034 
1061 
1089 
1135 
1061 
1089 
1084 
1118 
1135 
1124 
1113 
1141 
1109 
1153 
983 
1081 
1138 
1172 
1150 
7424 
1053 
1119 
1107 
1145 
959 
1054 
976 
1123 
969 
1092 
1135 
1100 
971 
1176 
1079 
1034 
988 
1001 
1171 
1103 
1001 
1079 
1168 
1011 
1035 
1071 
1141 
1015 
1117 
1117 
1105 
971 
1004 
1056 
1132 
983 
1153 
1107 
1060 
1142 
1161 
1037 
1103 
1103 
1019 
1148 
1148 
1174 
955 
19968 
1035 
1137 
1027 
1050 
976 
1105 
1050 
1173 
1101 
993 
1177 
1168 
1081 
997 
1107 
1114 
1141 
1040 
996 
1166 
1066 
1127 
1131 
1072 
1048 
1095 
1053 
1081 
861 
1152 
1051 
1034 
1036 
1053 
1044 
1050 
990 
1118 
1063 
1096 
1141 
998 
1139 
980 
981 
1036 
1071 
1050 
1140 
957 
1159 
1163 
1045 
971 
965 
1131 
997 
995 
1124 
1145 
1143 
1099 
1106 
1013 
1127 
981 
1163 
794 
1048 
1132 
1141 
1040 
957 
1079 
1145 
1150 
1145 
953 
971 
1062 
1034 
1147 
1153 
1168 
1149 
1144 
1004 
1164 
982 
1033 
1160 
1160 
1070 
1040 
1048 
1029 
1014 
1168 
1046 
1111 
1133 
1157 
991 
1109 
1027 
1008 
1165 
1034 
988 
1034 
982 
1098 
978 
1124 
1144 
1030 
1104 
1033 
957 
1149 
1164 
1161 
1085 
1068 
1152 
1156 
1083 
1146 
1154 
1090 
1124 
1039 
993 
1028 
1157 
970 
1107 
1021 
1134 
1024 
1159 
1130 
1170 
1085 
1123 
1087 
1062 
1024 
1131 
1049 
1076 
1024 
1124 
1151 
1097 
1145 
1068 
1182 
1082 
1040 
1048 
1068 
1120 
1161 
1024 
1100 
1058 
1147 
973 
1041 
1147 
1157 
1049 
1134 
1056 
988 
1011 
1105 
1060 
965 
1178 
1045 
1111 
1142 
954 
1116 
986 
1047 
1176 
1084 
1134 
1172 
1134 
1115 
1058 
1050 
1131 
1126 
1182 
1044 
1143 
1063 
1141 
1118 
1029 
1174 
1050 
1080 
1128 
1154 
1118 
1086 
1143 
1075 
1149 
1073 
1052 
1008 
1156 
1117 
1113 
1096 
1057 
1110 
969 
1037 
1095 
1086 
1049 
1152 
1181 
1054 
1056 
957 
1019 
848 
1092 
1131 
994 
1150 
1164 
1098 
1068 
1154 
1047 
1026 
854 
1060 
990 
999 
1133 
1133 
963 
1033 
1154 
1149 
1126 
1150 
1040 
1152 
1122 
1058 
1026 
1115 
1018 
962 
1024 
1048 
1026 
1097 
963 
989 
1174 
22016 
991 
1032 
1126 
1060 
1090 
1149 
1159 
1064 
1137 
1168 
1030 
1098 
1008 
1140 
1129 
1103 
1077 
976 
1045 
1065 
1105 
1142 
1161 
1059 
1137 
1078 
1014 
1049 
1099 
979 
1134 
984 
1079 
1052 
1139 
1037 
1180 
1051 
33792 
1081 
1009 
1062 
1179 
11008 
1117 
964 
1104 
1125 
1110 
985 
1057 
1035 
989 
1073 
1140 
1168 
1108 
1099 
1052 
1130 
981 
1149 
1117 
972 
1054 
1125 
1147 
1013 
1140 
1114 
988 
1066 
1170 
956 
1122 
1153 
1161 
1140 
953 
1093 
996 
1044 
993 
1065 
1134 
1034 
1143 
1120 
1122 
1012 
1039 
979 
1143 
1050 
1098 
1093 
1025 
970 
1064 
1177 
1124 
1143 
1057 
1125 
1142 
1151 
1118 
990 
1157 
1132 
4096 
1143 
1156 
1118 
1102 
1126 
1074 
1133 
1127 
1164 
961 
1040 
1153 
984 
1113 
1072 
1115 
1090 
1128 
1137 
1146 
1136 
1095 
972 
1118 
1001 
955 
1053 
1164 
1114 
1127 
1134 
977 
1006 
1038 
1065 
59648 
1055 
1137 
1059 
1092 
1165 
1004 
1118 
1167 
1073 
957 
1152 
1096 
1098 
1017 
1075 
1159 
952 
1154 
882 
1146 
1150 
1157 
26907 
1108 
1052 
1173 
1147 
1147 
1113 
1063 
1094 
1143 
1060 
1138 
1079 
1146 
978 
1031 
947 
1135 
1056 
1177 
1046 
1063 
1057 
1048 
1016 
847 
1050 
1112 
1123 
1044 
1111 
1143 
1149 
989 
1051 
978 
1123 
1118 
1114 
29723 
974 
1084 
1145 
1145 
1032 
1069 
1103 
1140 
1111 
1170 
1098 
1106 
1120 
1117 
1020 
1124 
975 
1030 
1170 
1117 
1127 
1045 
971 
1058 
991 
963 
1142 
1174 
1135 
986 
1127 
955 
1086 
1133 
1054 
983 
1152 
1152 
1146 
1119 
1062 
1082 
1127 
1082 
1107 
1134 
1147 
1126 
1034 
1173 
1090 
1066 
1145 
1144 
1072 
1099 
971 
1117 
1104 
1057 
1115 
1081 
1055 
1131 
1062 
1148 
1019 
1140 
971 
1114 
1103 
1080 
1112 
1006 
1024 
976 
1140 
1133 
1042 
1071 
1078 
1142 
1057 
1065 
1059 
969 
1131 
1124 
1132 
1035 
1135 
975 
1115 
1118 
1121 
1075 
987 
1117 
1126 
1035 
1014 
1103 
1022 
1097 
1079 
1145 
1135 
1005 
1174 
1108 
1097 
1062 
1049 
948 
1112 
975 
1135 
994 
1044 
1077 
1024 
1048 
1063 
965 
1046 
1048 
1125 
1106 
1084 
1072 
46099 
959 
1109 
1158 
1143 
1121 
1040 
1031 
980 
1074 
1131 
1124 
972 
1133 
1140 
1027 
1110 
1106 
1063 
1094 
1090 
1104 
1048 
1124 
1165 
1048 
1157 
1152 
978 
1033 
1105 
1089 
1087 
1103 
1144 
1071 
1031 
957 
1148 
1008 
1049 
1000 
1076 
1163 
1146 
1026 
984 
1070 
1105 
974 
1095 
1005 
1097 
1122 
1148 
1060 
1138 
969 
1138 
1164 
1146 
1090 
1071 
981 
1148 
1167 
995 
1054 
1145 
1038 
1035 
1057 
1133 
1147 
1084 
1030 
1070 
1136 
1172 
1017 
1155 
1100 
1125 
1119 
960 
1183 
1161 
1093 
1037 
1122 
1058 
1124 
1072 
1044 
971 
1037 
1158 
1165 
1064 
933 
1091 
1091 
1093 
1124 
1166 
1146 
1157 
1116 
1000 
1049 
1140 
1130 
1082 
1118 
1142 
1156 
975 
1082 
1073 
988 
959 
1004 
1070 
978 
1104 
1153 
1034 
1096 
1165 
977 
1114 
1101 
1061 
979 
1172 
1066 
1092 
959 
1136 
1125 
1106 
964 
1106 
1174 
957 
1134 
1015 
1125 
1150 
1064 
1085 
1063 
1058 
1050 
1145 
1115 
1168 
1026 
1088 
1016 
1106 
1041 
1036 
1085 
1119 
1078 
1137 
1128 
1157 
973 
1058 
971 
1046 
1035 
945 
981 
1064 
1145 
984 
1079 
1138 
1186 
1050 
1056 
24083 
1060 
964 
1162 
976 
1084 
1111 
1159 
1159 
1081 
1069 
1056 
1166 
1094 
1088 
1154 
978 
1134 
1043 
1094 
1029 
954 
1011 
1049 
1033 
986 
1149 
1037 
1069 
1155 
1102 
1138 
